Gates: 18 Flights: 80
Opening time: 0 Closing time: 2880

EZY18DT 0 603 0 1 3 4 5 6 7 8 10 11 12 14 15 16 17
EZY9004 0 457 0 1 3 4 5 6 7 8 10 11 12 14 15 16 17
AUI130 0 484 0 1 3 4 5 7 8        
EZY37FM 0 608 0 1 3 4 5 6 7 8 10 11 12 14 15 16 17
EZY31UP 0 559 0 1 3 4 5 6 7 8 10 11 12 14 15 16 17
EZY43VJ 0 550 0 1 3 4 5 6 7 8 10 11 12 14 15 16 17
EZY929H 0 657 0 1 3 4 5 6 7 8 10 11 12 14 15 16 17
EZY39CX 0 616 0 1 3 4 5 6 7 8 10 11 12 14 15 16 17
AFR93XX 674 843 1 3 6 7 11 15         
EZY41KM 733 837 0 1 3 4 5 6 7 8 10 11 12 14 15 16 17
EZY81LX 778 852 0 1 3 4 5 6 7 8 10 11 12 14 15 16 17
AFR132F 796 922 1 3 6 7 11 15         
AFR12ZK 807 1053 1 3 6 7 11 15         
CSA3DZ 836 942 0 1 3 4 5 6 7 8 10 11 12 14 15 16 17
LZB431 839 993 0 4 5 8           
AFR52EU 840 1341 0 1 3 4 5 6 7 8 10 11 12 14 15 16 17
AFR14CJ 847 983 1 3 6 7 11 15         
AUA411C 860 983 1 3 6 7 10 11 12 14 15 16 17    
AMC478 879 1009 0 1 3 4 5 6 7 8 10 11 12 14 15 16 17
ASL16W 907 1014 0 1 3 4 5 6 7 8 10 11 12 14 15 16 17
FIN4LF 926 1075 1 3 6 7 10 11 12 14 15 16 17    
EZY48EP 971 1272 0 1 3 4 5 6 7 8 10 11 12 14 15 16 17
AHY073 994 1145 0 1 3 4 5 6 7 8 10 11 12 14 15 16 17
FIN8PY 1123 1232 0 1 3 4 5 6 7 8 10 11 12 14 15 16 17
EZY696H 1135 1299 0 1 3 4 5 6 7 8 10 11 12 14 15 16 17
AEA1011 1181 1363 0 1 3 4 5 7 8        
EZY35HL 1195 1310 0 1 3 4 5 6 7 8 10 11 12 14 15 16 17
AUI3FU 1243 1468 0 1 3 4 5 7 8        
EZY49QU 1262 1350 0 1 3 4 5 6 7 8 10 11 12 14 15 16 17
EZY27YN 1296 1393 0 1 3 4 5 6 7 8 10 11 12 14 15 16 17
AUA413 1305 1425 0 1 3 4 5 6 7 8 10 11 12 14 15 16 17
EZY59FD 1422 1533 0 1 3 4 5 6 7 8 10 11 12 14 15 16 17
BRU865 1430 1573 0 4 5 8           
CSA2DZ 1464 1599 0 1 3 4 5 6 7 8 10 11 12 14 15 16 17
EZY18NT 1470 1561 0 1 3 4 5 6 7 8 10 11 12 14 15 16 17
FIN6M 1471 1616 0 1 3 4 5 6 7 8 10 11 12 14 15 16 17
EZY86WT 1486 1568 0 1 3 4 5 6 7 8 10 11 12 14 15 16 17
CTN25F 1500 1596 0 1 3 4 5 6 7 8 10 11 12 14 15 16 17
EZY48UH 1546 1732 0 1 3 4 5 6 7 8 10 11 12 14 15 16 17
AUA415C 1579 1790 1 3 6 7 10 11 12 14 15 16 17    
EZY7043 1625 1701 0 1 3 4 5 6 7 8 10 11 12 14 15 16 17
EZY64RH 1636 1713 0 1 3 4 5 6 7 8 10 11 12 14 15 16 17
EZY23YB 1719 1794 0 1 3 4 5 6 7 8 10 11 12 14 15 16 17
BTI3CE 1742 1842 0 4 8 10 12 14 17        
EZY64UH 1775 1858 0 1 3 4 5 6 7 8 10 11 12 14 15 16 17
EZY57NG 1802 1895 0 1 3 4 5 6 7 8 10 11 12 14 15 16 17
EZY716N 1813 1887 0 1 3 4 5 6 7 8 10 11 12 14 15 16 17
EZY92UE 1828 1906 0 1 3 4 5 6 7 8 10 11 12 14 15 16 17
EZY69KT 1852 2105 0 1 3 4 5 6 7 8 10 11 12 14 15 16 17
EZY82AR 1858 1953 0 1 3 4 5 6 7 8 10 11 12 14 15 16 17
EZY2439 1867 1983 0 1 3 4 5 6 7 8 10 11 12 14 15 16 17
EZY68NG 1877 1957 0 1 3 4 5 6 7 8 10 11 12 14 15 16 17
FIN2AP 1952 2110 1 3 6 7 10 11 12 14 15 16 17    
EZY56LP 1971 2096 0 1 3 4 5 6 7 8 10 11 12 14 15 16 17
EZY42NK 1991 2082 0 1 3 4 5 6 7 8 10 11 12 14 15 16 17
EZY14ML 2002 2131 0 1 3 4 5 6 7 8 10 11 12 14 15 16 17
EZY14EZ 2013 2098 0 1 3 4 5 6 7 8 10 11 12 14 15 16 17
AFR126N 2034 2288 1 3 6 7 11 15         
CSA4CZ 2079 2205 0 1 3 4 5 6 7 8 10 11 12 14 15 16 17
AFR15FX 2095 2569 1 3 6 7 10 11 12 14 15 16 17    
AFR18PP 2103 2880 1 3 6 7 11 15         
AFR17DP 2110 2379 1 3 6 7 11 15         
AUA417C 2123 2225 1 3 6 7 10 11 12 14 15 16 17    
EZY79DY 2125 2214 0 1 3 4 5 6 7 8 10 11 12 14 15 16 17
ASL98F 2149 2274 0 1 3 4 5 6 7 8 10 11 12 14 15 16 17
EZY23PK 2210 2465 0 1 3 4 5 6 7 8 10 11 12 14 15 16 17
EZY81YK 2224 2326 0 1 3 4 5 6 7 8 10 11 12 14 15 16 17
CTN476 2231 2347 0 1 3 4 5 6 7 8 10 11 12 14 15 16 17
EZY657Y 2249 2321 0 1 3 4 5 6 7 8 10 11 12 14 15 16 17
EZY13XV 2274 2341 0 1 3 4 5 6 7 8 10 11 12 14 15 16 17
EZY3672 2463 2880 0 1 3 4 5 6 7 8 10 11 12 14 15 16 17
EZY36QF 2471 2880 0 1 3 4 5 6 7 8 10 11 12 14 15 16 17
EZY329C 2474 2880 0 1 3 4 5 6 7 8 10 11 12 14 15 16 17
AUI129 2490 2880 0 1 3 4 5 7 8        
EZY15NM 2528 2611 0 1 3 4 5 6 7 8 10 11 12 14 15 16 17
EZY3798 2553 2612 0 1 3 4 5 6 7 8 10 11 12 14 15 16 17
EZY241B 2574 2880 0 1 3 4 5 6 7 8 10 11 12 14 15 16 17
EZY68HP 2591 2880 0 1 3 4 5 6 7 8 10 11 12 14 15 16 17
EZY57QB 2614 2880 0 1 3 4 5 6 7 8 10 11 12 14 15 16 17
EZY28KJ 2822 2880 0 1 3 4 5 6 7 8 10 11 12 14 15 16 17
