Gates: 10 Flights: 50         
Opening time: 480 Closing time:  1080    

#00 535 605 1 2 4 5 6 7 8 9
#01 565 630 1 2 4 5 6 7 8 9
#02 575 635 1 2 4 5 6 7 8 9
#03 585 715 1 2 4 5 6 7 8 9
#04 590 655 1 2 4 5 6 7 8 9
#05 590 665 0 3 4 5 6 7  
#06 595 655 1 2 4 5 6 7 8 9
#07 600 695 1 2 4 5 6 7 8 9
#08 600 655 2 3 4 5 6 7 8 9
#09 615 685 1 2 4 5 6 7 8 9
#10 630 745 0 4 5 6 7 8 9 
#11 650 725 1 2 4 5 6 7 8 9
#12 660 705 0 3 4 5 6 7  
#13 670 755 0 4 5 6 7 8 9 
#14 675 740 1 2 4 5 6 7 8 9
#15 675 740 1 2 4 5 6 7 8 9
#16 680 745 1 2 4 5 6 7 8 9
#17 705 780 0 4 5 6 7 8 9 
#18 705 785 0 4 5 6 7 8 9 
#19 725 800 1 2 4 5 6 7 8 9
#20 750 850 0 3 4 5 6 7  
#21 755 790 0 4 5 6 7 8 9 
#22 770 830 1 2 4 5 6 7 8 9
#23 770 820 0 4 5 6 7 8 9 
#24 775 875 0 4 5 6 7 8 9 
#25 775 835 0 4 5 6 7 8 9 
#26 780 845 1 2 4 5 6 7 8 9
#27 790 855 0 4 5 6 7 8 9 
#28 795 865 0 4 5 6 7 8 9 
#29 820 870 1 2 4 5 6 7 8 9
#30 825 865 1 2 4 5 6 7 8 9
#31 825 935 1 2 4 5 6 7 8 9
#32 845 905 2 3 4 5 6 7 8 9
#33 850 955 1 2 4 5 6 7 8 9
#34 850 920 2 3 4 5 6 7 8 9
#35 860 935 1 2 4 5 6 7 8 9
#36 860 925 1 2 4 5 6 7 8 9
#37 880 950 0 4 5 6 7 8 9 
#38 880 965 1 2 4 5 6 7 8 9
#39 890 980 1 2 4 5 6 7 8 9
#40 940 1000 0 4 5 6 7 8 9 
#41 945 1005 0 4 5 6 7 8 9 
#42 950 1010 1 2 4 5 6 7 8 9
#43 955 1015 1 2 4 5 6 7 8 9
#44 955 1040 1 2 4 5 6 7 8 9
#45 960 1025 0 4 5 6 7 8 9 
#46 965 1030 0 3 4 5 6 7  
#47 970 1035 1 2 4 5 6 7 8 9
#48 985 1055 0 4 5 6 7 8 9 
#49 985 1050 0 4 5 6 7 8 9 
