Gates: 27 Flights: 185
Opening time: 0 Closing time: 2880

AFR11EY 0 666 0 2 3 8 9 10 11 12 13 14 15 16 19 20 21 22 23 24 25 26    
AFR11HH 0 642 0 2 3 8 9 10 11 12 13 14 15 16 19 20 21 22 23 24 25 26    
AFR113G 0 657 0 2 3 5 6 8 9 10 11 12 13 14 15 16 17 18 19 20 21 22 23 24 25 26
AFR56AE 0 657 0 2 3 5 6 8 9 10 11 12 13 14 15 16 17 18 19 20 21 22 23 24 25 26
AFR10XQ 0 621 0 2 3 5 6 8 9 10 11 12 13 14 15 16 17 18 19 20 21 22 23 24 25 26
AFR11SC 0 678 2 3 5 6 8 11 12 13 16 17 18 21 22 23 24 25 26       
AFR175K 0 626 0 2 3 8 9 10 11 12 13 14 15 16 19 20 21 22 23 24 25 26    
AFR124E 0 675 2 3 5 6 8 11 12 13 16 17 18 21 22 23 24 25 26       
AFR134Z 0 706 2 3 5 6 8 11 12 13 16 17 18 21 22 23 24 25 26       
AFR138N 0 644 2 3 5 6 8 11 12 13 16 17 18 21 22 23 24 25 26       
AFR10EJ 0 637 0 2 3 8 9 10 11 12 13 14 15 16 19 20 21 22 23 24 25 26    
AZA339 0 506 0 2 3 5 6 8 9 10 11 12 13 14 15 16 17 18 19 20 21 22 23 24 25 26
AFR14ZG 0 715 0 2 3 8 9 10 11 12 13 14 15 16 17 19 20 21 22 23 24 25 26   
AZA317 0 578 2 3 5 6 8 11 12 13 16 17 18 21 22 23 24 25 26       
AFR1212 0 648 0 2 3 5 6 8 9 10 11 12 13 14 15 16 17 18 19 20 21 22 23 24 25 26
AFR14HQ 0 659 0 2 3 8 9 10 11 12 13 14 15 16 19 20 21 22 23 24 25 26    
AFR120F 0 637 2 3 5 6 8 11 12 13 16 17 18 21 22 23 24 25 26       
AFR62BY 0 656 0 2 3 8 9 10 11 12 13 14 15 16 17 19 20 21 22 23 24 25 26   
AFR12NU 0 736 0 2 3 8 9 10 11 12 13 14 15 16 19 20 21 22 23 24 25 26    
AFR13DB 0 603 0 2 3 5 6 8 9 10 11 12 13 14 15 16 17 18 19 20 21 22 23 24 25 26
AFR77TE 0 632 0 2 3 8 9 10 11 12 13 14 15 16 19 20 21 22 23 24 25 26    
AFR12RJ 0 586 0 2 3 8 9 10 11 12 13 14 15 16 17 19 20 21 22 23 24 25 26   
AFR257 486 702 1 4 7                     
AFR977 589 1032 1 4 7                     
AFR87NZ 636 739 0 2 3 5 6 8 9 10 11 12 13 14 15 16 17 18 19 20 21 22 23 24 25 26
AFR32MV 671 819 0 2 3 5 6 8 9 10 11 12 13 14 15 16 17 18 19 20 21 22 23 24 25 26
AFR96RE 684 795 2 3 5 6 8 11 12 13 16 17 18 21 22 23 24 25 26       
AFR16UC 691 882 0 2 3 8 9 10 11 12 13 14 15 16 19 20 21 22 23 24 25 26    
AFR54CB 697 879 0 2 3 8 9 10 11 12 13 14 15 16 17 19 20 21 22 23 24 25 26   
KLM23P 706 821 2 11 12 13 19                   
AFR333 708 1450 1 4 7                     
AFR1449 725 785 2 3 5 6 8 11 12 13 16 17 18 21 22 23 24 25 26       
AEA1005 742 869 2 3 8 11 12 13 17 18 23 24 25 26            
AFR36EZ 756 936 2 3 5 6 8 11 12 13 16 17 18 21 22 23 24 25 26       
KLM11P 763 920 2 11 12 13 19                   
AZA300 767 927 0 2 3 5 6 8 9 10 11 12 13 14 15 16 17 18 19 20 21 22 23 24 25 26
AFR103M 774 940 0 2 3 5 6 8 9 10 11 12 13 14 15 16 17 18 19 20 21 22 23 24 25 26
AFR12TP 775 915 0 2 3 5 6 8 9 10 11 12 13 14 15 16 17 18 19 20 21 22 23 24 25 26
AFR11UP 777 948 2 3 5 6 8 11 12 13 16 17 18 21 22 23 24 25 26       
AFR13RR 782 950 0 2 3 5 6 8 9 10 11 12 13 14 15 16 17 18 19 20 21 22 23 24 25 26
AFR14YU 785 916 2 3 5 6 8 11 12 13 16 17 18 21 22 23 24 25 26       
AFR11JT 798 944 0 2 3 8 9 10 11 12 13 14 15 16 17 19 20 21 22 23 24 25 26   
AFR98CZ 802 994 2 3 5 6 8 11 12 13 16 17 18 21 22 23 24 25 26       
AFR12QG 812 942 0 2 3 8 9 10 11 12 13 14 15 16 19 20 21 22 23 24 25 26    
AFR58JW 813 957 2 3 5 6 8 11 12 13 16 17 18 21 22 23 24 25 26       
AFR14XL 814 945 0 2 3 5 6 8 9 10 11 12 13 14 15 16 17 18 19 20 21 22 23 24 25 26
AFR10GG 817 914 0 2 3 8 9 10 11 12 13 14 15 16 19 20 21 22 23 24 25 26    
AFR16EF 834 1202 0 2 3 5 6 8 9 10 11 12 13 14 15 16 17 18 19 20 21 22 23 24 25 26
AEA1039 836 982 2 3 8 11 12 13 17 18 23 24 25 26            
AFR10NN 837 1045 2 3 5 6 8 11 12 13 16 17 18 21 22 23 24 25 26       
AFR11VA 840 1074 0 2 3 5 6 8 9 10 11 12 13 14 15 16 17 18 19 20 21 22 23 24 25 26
AFR163Q 850 1044 0 2 3 8 9 10 11 12 13 14 15 16 19 20 21 22 23 24 25 26    
AFR15KD 873 1010 0 2 3 8 9 10 11 12 13 14 15 16 19 20 21 22 23 24 25 26    
KLM37P 888 1003 2 3 8 11 12 13 17 18 23 24 25 26            
AZA79L 974 1087 2 3 5 6 8 11 12 13 16 17 18 21 22 23 24 25 26       
AFR825 1067 1672 1 4 7                     
AFR77JX 1077 1279 0 2 3 8 9 10 11 12 13 14 15 16 19 20 21 22 23 24 25 26    
AFR12HX 1078 1205 2 3 5 6 8 11 12 13 16 17 18 21 22 23 24 25 26       
AFR76VQ 1091 1291 0 2 3 8 9 10 11 12 13 14 15 16 17 19 20 21 22 23 24 25 26   
unk 1095 1098 1 4 7                     
AFR44EU 1116 1284 0 2 3 5 6 8 9 10 11 12 13 14 15 16 17 18 19 20 21 22 23 24 25 26
AFR12NT 1128 1278 0 2 3 5 6 8 9 10 11 12 13 14 15 16 17 18 19 20 21 22 23 24 25 26
AFR10UG 1140 1306 0 2 3 8 9 10 11 12 13 14 15 16 19 20 21 22 23 24 25 26    
AFR14MF 1155 1272 0 2 3 8 9 10 11 12 13 14 15 16 19 20 21 22 23 24 25 26    
AFR11SZ 1165 1276 0 2 3 8 9 10 11 12 13 14 15 16 19 20 21 22 23 24 25 26    
AFR16TG 1171 1312 0 2 3 5 6 8 9 10 11 12 13 14 15 16 17 18 19 20 21 22 23 24 25 26
AFR12MG 1173 1313 0 2 3 8 9 10 11 12 13 14 15 16 19 20 21 22 23 24 25 26    
AFR13GV 1175 1353 2 3 5 6 8 11 12 13 16 17 18 21 22 23 24 25 26       
AFR77DN 1178 1312 0 2 3 5 6 8 9 10 11 12 13 14 15 16 17 18 19 20 21 22 23 24 25 26
AFR17WF 1183 1325 0 2 3 8 9 10 11 12 13 14 15 16 19 20 21 22 23 24 25 26    
AFR11FP 1189 1289 0 2 3 8 9 10 11 12 13 14 15 16 19 20 21 22 23 24 25 26    
AFR13TP 1205 1342 2 3 5 6 8 11 12 13 16 17 18 21 22 23 24 25 26       
AFR10LF 1206 1337 0 2 3 5 6 8 9 10 11 12 13 14 15 16 17 18 19 20 21 22 23 24 25 26
AFR14TW 1206 1346 0 2 3 8 9 10 11 12 13 14 15 16 17 19 20 21 22 23 24 25 26   
unk 1208 1418 1 4 7                     
AFR766B 1216 1354 2 3 5 6 8 11 12 13 16 17 18 21 22 23 24 25 26       
AFR99UD 1221 1364 0 2 3 8 9 10 11 12 13 14 15 16 17 19 20 21 22 23 24 25 26   
AFR13FN 1226 1386 0 2 3 5 6 8 9 10 11 12 13 14 15 16 17 18 19 20 21 22 23 24 25 26
AFR11BQ 1236 1371 0 2 3 5 6 8 9 10 11 12 13 14 15 16 17 18 19 20 21 22 23 24 25 26
AZA84A 1242 1346 0 2 3 8 9 10 11 12 13 14 15 16 17 19 20 21 22 23 24 25 26   
AFR77ML 1273 1405 2 3 5 6 8 11 12 13 16 17 18 21 22 23 24 25 26       
AFR12LL 1280 1409 2 3 5 6 8 11 12 13 16 17 18 21 22 23 24 25 26       
AFR18LQ 1305 1414 0 2 3 8 9 10 11 12 13 14 15 16 19 20 21 22 23 24 25 26    
AFR11YL 1323 1476 2 3 5 6 8 11 12 13 16 17 18 21 22 23 24 25 26       
AFR66QP 1326 1555 2 3 5 6 8 11 12 13 16 17 18 21 22 23 24 25 26       
AFR13SF 1354 1582 2 3 5 6 8 11 12 13 16 17 18 21 22 23 24 25 26       
AFR18VF 1381 1578 0 2 3 8 9 10 11 12 13 14 15 16 19 20 21 22 23 24 25 26    
KLM15P 1397 1510 2 3 8 11 12 13 17 18 23 24 25 26            
AFR39NC 1422 1626 0 2 3 8 9 10 11 12 13 14 15 16 19 20 21 22 23 24 25 26    
AFR13VV 1430 1618 0 2 3 8 9 10 11 12 13 14 15 16 19 20 21 22 23 24 25 26    
AFR14HN 1436 1577 0 2 3 8 9 10 11 12 13 14 15 16 19 20 21 22 23 24 25 26    
AFR860 1441 1732 1 4 7                     
AFR45WR 1442 1564 0 2 3 5 6 8 9 10 11 12 13 14 15 16 17 18 19 20 21 22 23 24 25 26
AFR37TR 1446 1587 2 3 5 6 8 11 12 13 16 17 18 21 22 23 24 25 26       
AFR76RR 1447 1609 2 3 5 6 8 11 12 13 16 17 18 21 22 23 24 25 26       
AFR63KW 1449 1599 2 3 5 6 8 11 12 13 16 17 18 21 22 23 24 25 26       
AEA1007 1453 1601 2 3 8 11 12 13 17 18 23 24 25 26            
AFR17LE 1456 1611 0 2 3 8 9 10 11 12 13 14 15 16 19 20 21 22 23 24 25 26    
AFR12FW 1468 1714 0 2 3 8 9 10 11 12 13 14 15 16 17 19 20 21 22 23 24 25 26   
AFR77DA 1471 1598 2 3 5 6 8 11 12 13 16 17 18 21 22 23 24 25 26       
AFR17QR 1472 1594 0 2 3 8 9 10 11 12 13 14 15 16 19 20 21 22 23 24 25 26    
AFR12QZ 1475 1587 0 2 3 8 9 10 11 12 13 14 15 16 19 20 21 22 23 24 25 26    
AFR13DT 1477 1635 0 2 3 8 9 10 11 12 13 14 15 16 19 20 21 22 23 24 25 26    
AZA312 1482 1609 0 2 3 5 6 8 9 10 11 12 13 14 15 16 17 18 19 20 21 22 23 24 25 26
AFR11NA 1489 1628 0 2 3 5 6 8 9 10 11 12 13 14 15 16 17 18 19 20 21 22 23 24 25 26
AFR1349 1559 1688 2 3 5 6 8 11 12 13 16 17 18 21 22 23 24 25 26       
AFR16YU 1577 1735 2 3 5 6 8 11 12 13 16 17 18 21 22 23 24 25 26       
AFR11QE 1587 1665 0 2 3 5 6 8 9 10 11 12 13 14 15 16 17 18 19 20 21 22 23 24 25 26
AFR11DP 1592 1714 0 2 3 5 6 8 9 10 11 12 13 14 15 16 17 18 19 20 21 22 23 24 25 26
AFR16GD 1598 1777 0 2 3 8 9 10 11 12 13 14 15 16 19 20 21 22 23 24 25 26    
unk 1607 1667 0 2 3 5 6 8 9 10 11 12 13 14 15 16 17 18 19 20 21 22 23 24 25 26
AFR77ER 1619 1745 0 2 3 8 9 10 11 12 13 14 15 16 19 20 21 22 23 24 25 26    
AFR12TX 1629 1786 0 2 3 5 6 8 9 10 11 12 13 14 15 16 17 18 19 20 21 22 23 24 25 26
AFR14LL 1647 1755 0 2 3 8 9 10 11 12 13 14 15 16 19 20 21 22 23 24 25 26    
AFR10EP 1649 1828 0 2 3 8 9 10 11 12 13 14 15 16 17 19 20 21 22 23 24 25 26   
AFR17ZE 1679 1796 0 2 3 5 6 8 9 10 11 12 13 14 15 16 17 18 19 20 21 22 23 24 25 26
AFR16CJ 1707 1953 0 2 3 8 9 10 11 12 13 14 15 16 19 20 21 22 23 24 25 26    
unk 1749 1809 0 2 3 8 9 10 11 12 13 14 15 16 17 19 20 21 22 23 24 25 26   
AFR92MZ 1749 1887 0 2 3 5 6 8 9 10 11 12 13 14 15 16 17 18 19 20 21 22 23 24 25 26
AFR15TH 1754 1998 0 2 3 5 6 8 9 10 11 12 13 14 15 16 17 18 19 20 21 22 23 24 25 26
AFR39KY 1768 1957 0 2 3 8 9 10 11 12 13 14 15 16 17 19 20 21 22 23 24 25 26   
AFR89SG 1773 1914 0 2 3 5 6 8 9 10 11 12 13 14 15 16 17 18 19 20 21 22 23 24 25 26
AFR15GV 1783 1903 0 2 3 8 9 10 11 12 13 14 15 16 19 20 21 22 23 24 25 26    
AFR59YM 1786 1892 0 2 3 8 9 10 11 12 13 14 15 16 17 19 20 21 22 23 24 25 26   
unk 1812 2053 1 4 7                     
AFR17UR 1821 2084 0 2 3 8 9 10 11 12 13 14 15 16 19 20 21 22 23 24 25 26    
AZA324 1823 1968 2 3 5 6 8 11 12 13 16 17 18 21 22 23 24 25 26       
AFR18XY 1823 2033 0 2 3 8 9 10 11 12 13 14 15 16 19 20 21 22 23 24 25 26    
AFR165 1842 2617 1 4 7                     
AFR10CL 1855 1973 2 3 5 6 8 11 12 13 16 17 18 21 22 23 24 25 26       
AFR16TM 1864 1986 0 2 3 5 6 8 9 10 11 12 13 14 15 16 17 18 19 20 21 22 23 24 25 26
KLM19P 1877 2023 2 3 8 11 12 13 17 18 23 24 25 26            
AFR16WK 1903 2083 0 2 3 5 6 8 9 10 11 12 13 14 15 16 17 18 19 20 21 22 23 24 25 26
AFR17SC 1908 2056 2 3 5 6 8 11 12 13 16 17 18 21 22 23 24 25 26       
AFR13CZ 1920 2067 0 2 3 8 9 10 11 12 13 14 15 16 19 20 21 22 23 24 25 26    
AFR11KK 1935 2030 0 2 3 8 9 10 11 12 13 14 15 16 19 20 21 22 23 24 25 26    
KLM25P 2019 2192 2 11 12 13 19                   
AFR13GQ 2026 2238 0 2 3 5 6 8 9 10 11 12 13 14 15 16 17 18 19 20 21 22 23 24 25 26
AFR12BM 2055 2293 2 3 5 6 8 11 12 13 16 17 18 21 22 23 24 25 26       
AEA1037 2063 2265 2 3 8 11 12 13 17 18 23 24 25 26            
AFR110B 2064 2194 2 3 5 6 8 11 12 13 16 17 18 21 22 23 24 25 26       
AFR13VH 2067 2265 0 2 3 5 6 8 9 10 11 12 13 14 15 16 17 18 19 20 21 22 23 24 25 26
AFR122Q 2082 2313 0 2 3 8 9 10 11 12 13 14 15 16 19 20 21 22 23 24 25 26    
AFR15CB 2115 2285 0 2 3 8 9 10 11 12 13 14 15 16 19 20 21 22 23 24 25 26    
AFR85KX 2123 2282 2 3 5 6 8 11 12 13 16 17 18 21 22 23 24 25 26       
AZA358 2125 2248 0 2 3 5 6 8 9 10 11 12 13 14 15 16 17 18 19 20 21 22 23 24 25 26
AFR74HT 2128 2322 0 2 3 8 9 10 11 12 13 14 15 16 19 20 21 22 23 24 25 26    
AFR16FM 2128 2299 2 3 5 6 8 11 12 13 16 17 18 21 22 23 24 25 26       
AFR13JP 2131 2248 0 2 3 5 6 8 9 10 11 12 13 14 15 16 17 18 19 20 21 22 23 24 25 26
AFR18DR 2143 2268 0 2 3 5 6 8 9 10 11 12 13 14 15 16 17 18 19 20 21 22 23 24 25 26
AFR76NA 2146 2361 0 2 3 8 9 10 11 12 13 14 15 16 19 20 21 22 23 24 25 26    
AEA1009 2152 2303 2 3 8 11 12 13 17 18 23 24 25 26            
AFR7709 2160 2270 0 2 3 5 6 8 9 10 11 12 13 14 15 16 17 18 19 20 21 22 23 24 25 26
AFR11KR 2161 2301 0 2 3 5 6 8 9 10 11 12 13 14 15 16 17 18 19 20 21 22 23 24 25 26
AFR18VY 2166 2284 0 2 3 5 6 8 9 10 11 12 13 14 15 16 17 18 19 20 21 22 23 24 25 26
AFR18BW 2171 2322 0 2 3 8 9 10 11 12 13 14 15 16 17 19 20 21 22 23 24 25 26   
AFR15WT 2186 2327 2 3 5 6 8 11 12 13 16 17 18 21 22 23 24 25 26       
AFR18JN 2190 2315 2 3 5 6 8 11 12 13 16 17 18 21 22 23 24 25 26       
AFR73UQ 2207 2324 0 2 3 5 6 8 9 10 11 12 13 14 15 16 17 18 19 20 21 22 23 24 25 26
AFR117 2210 2880 1 4 7                     
AFR16RW 2215 2354 0 2 3 8 9 10 11 12 13 14 15 16 19 20 21 22 23 24 25 26    
AFR14HR 2235 2364 0 2 3 5 6 8 9 10 11 12 13 14 15 16 17 18 19 20 21 22 23 24 25 26
AFR14YZ 2274 2880 0 2 3 8 9 10 11 12 13 14 15 16 19 20 21 22 23 24 25 26    
AFR31VN 2306 2418 0 2 3 5 6 8 9 10 11 12 13 14 15 16 17 18 19 20 21 22 23 24 25 26
AFR10JQ 2310 2880 0 2 3 5 6 8 9 10 11 12 13 14 15 16 17 18 19 20 21 22 23 24 25 26
unk 2351 2592 1 4 7                     
AFR104T 2364 2880 0 2 3 5 6 8 9 10 11 12 13 14 15 16 17 18 19 20 21 22 23 24 25 26
AFR14DC 2410 2594 0 2 3 8 9 10 11 12 13 14 15 16 17 19 20 21 22 23 24 25 26   
AFR14UM 2414 2880 0 2 3 5 6 8 9 10 11 12 13 14 15 16 17 18 19 20 21 22 23 24 25 26
AFR17GM 2415 2880 0 2 3 8 9 10 11 12 13 14 15 16 19 20 21 22 23 24 25 26    
AFR81CT 2416 2880 0 2 3 8 9 10 11 12 13 14 15 16 17 19 20 21 22 23 24 25 26   
AFR54WL 2424 2880 0 2 3 8 9 10 11 12 13 14 15 16 17 19 20 21 22 23 24 25 26   
AFR11DR 2433 2880 0 2 3 8 9 10 11 12 13 14 15 16 17 19 20 21 22 23 24 25 26   
AFR12AA 2443 2880 0 2 3 8 9 10 11 12 13 14 15 16 17 19 20 21 22 23 24 25 26   
AFR10VR 2444 2880 0 2 3 8 9 10 11 12 13 14 15 16 19 20 21 22 23 24 25 26    
AFR15QQ 2452 2880 0 2 3 8 9 10 11 12 13 14 15 16 17 19 20 21 22 23 24 25 26   
AFR95PJ 2453 2880 0 2 3 8 9 10 11 12 13 14 15 16 19 20 21 22 23 24 25 26    
AFR13QV 2456 2880 2 3 5 6 8 11 12 13 16 17 18 21 22 23 24 25 26       
AFR32KR 2465 2880 2 3 5 6 8 11 12 13 16 17 18 21 22 23 24 25 26       
AFR11SF 2470 2880 2 3 5 6 8 11 12 13 16 17 18 21 22 23 24 25 26       
AFR12BW 2481 2880 2 3 5 6 8 11 12 13 16 17 18 21 22 23 24 25 26       
AFR1313 2516 2880 0 2 3 5 6 8 9 10 11 12 13 14 15 16 17 18 19 20 21 22 23 24 25 26
AZA332 2566 2880 2 3 5 6 8 11 12 13 16 17 18 21 22 23 24 25 26       
AZA338 2657 2880 0 2 3 5 6 8 9 10 11 12 13 14 15 16 17 18 19 20 21 22 23 24 25 26
AFR10UN 2866 2880 0 2 3 5 6 8 9 10 11 12 13 14 15 16 17 18 19 20 21 22 23 24 25 26
