Gates: 23 Flights: 110
Opening time: 0 Closing time: 2880

AFR1084 0 680 0 1 2 3 4 6 7 10 11 13 14 15 17 18 19 20 21 22
AFR1554 0 711 0 1 2 3 4 6 7 10 13 15 16 17 18 20 21 22  
AFR1464 0 914 0 1 2 3 4 6 7 10 11 13 14 15 17 18 19 20 21 22
AFR18AB 0 651 0 1 2 3 4 6 7 10 13 15 16 17 18 20 21 22  
AFR896 0 1129 5 8 9 11 12 14 16 17 19         
AFR1044 0 940 0 1 2 3 4 6 7 10 11 13 14 15 17 18 19 20 21 22
AFR16MA 0 709 0 1 2 3 4 6 7 10 13 14 15 17 18 20 21 22  
AFR16HR 0 642 1 7 10 13 15 20 22           
AFR11WL 0 729 0 1 2 3 4 6 7 10 11 13 14 15 17 18 19 20 21 22
AFR16GK 0 660 0 1 2 3 4 6 7 10 11 13 14 15 17 18 19 20 21 22
AFR293 338 622 3 8 9 11 12 14 16 19          
AFR1121 355 1115 0 1 2 3 4 6 7 10 13 15 16 17 18 20 21 22  
AFR567 372 718 5 8 9 16              
AFR1785 400 708 0 1 2 3 4 6 7 10 13 15 16 17 18 20 21 22  
AFR487 429 665 0 1 2 3 4 6 7 10 13 15 16 17 18 20 21 22  
AFR655 456 2880 3 8 9 11 12 14 16 19          
AFR513 499 1131 5 8 9 11 12 14 16 17 19         
AFR929 499 902 3 8 9 11 12 14 16 19          
AFR805 550 736 5 8 9 11 12 14 16           
AFR385 646 1001 5 8 9 11 12 14 16 17 19         
AFR351 672 1133 3 8 9 11 12 14 16 19          
AFR401 699 1382 3 8 9 11 12 14 16 19          
AFR333 744 1418 5 8 9 11 12 14 16 19          
AFR731 751 1187 5 8 9 11 12 14 16 19          
DAL228 760 1169 6 12 14 17 18             
AFR1665 813 977 0 1 2 3 4 6 7 10 11 13 14 15 17 18 19 20 21 22
AFR15HM 821 1024 1 7 10 13 15 20 22           
AFR1391 824 1157 0 1 2 3 4 6 7 10 11 13 14 15 17 18 19 20 21 22
AFR10SV 833 1051 1 7 10 13 15 20 22           
AFR13CK 845 1045 0 1 2 3 4 6 7 10 11 13 14 15 17 18 19 20 21 22
AFR10LA 860 1128 0 1 2 3 4 6 7 10 13 15 16 17 18 20 21 22  
AFR10BU 865 1120 0 1 2 3 4 6 7 10 11 13 14 15 17 18 19 20 21 22
AFR1845 880 1142 0 1 2 3 4 6 7 10 11 13 14 15 17 18 19 20 21 22
AFR1653 897 1095 0 1 2 3 4 6 7 10 11 13 14 15 17 18 19 20 21 22
AFR1355 1021 1319 0 1 2 3 4 6 7 10 11 13 14 15 17 18 19 20 21 22
AFR393 1021 1461 5 8 9 11 12 14 16 19          
AFR1890 1031 1401 0 1 2 3 4 6 7 10 13 15 16 17 18 20 21 22  
AFR153 1070 1228 5 8 9 11 12 14 16 17 19         
AFR16MH 1098 1306 0 1 2 3 4 6 7 10 11 13 14 15 17 18 19 20 21 22
AFR11XK 1128 1289 0 1 2 3 4 6 7 10 11 13 14 15 17 18 19 20 21 22
ROT381R 1137 1272 0 1 2 4 7 10 13 15          
AFR459 1151 1673 5 8 9 11 12 14 16 19          
AFR13DZ 1156 1300 0 1 2 3 4 6 7 10 11 13 14 15 17 18 19 20 21 22
AFR673 1164 1489 5 8 9 11 12 14 16           
MEA211 1169 1421 5 8 9 11 12 14 16 17 19         
AFR1145 1174 1361 0 1 2 3 4 6 7 10 11 13 14 15 17 18 19 20 21 22
AFR1061 1174 1525 0 1 2 3 4 6 7 10 13 15 16 17 18 20 21 22  
AFR149N 1181 1335 0 1 2 3 4 6 7 10 13 15 16 17 18 20 21 22  
DAL79 1213 1402 18                 
AFR1321 1214 1364 0 1 2 3 4 6 7 10 13 15 16 17 18 20 21 22  
unk 1220 1374 3 8 9 11 12 14 16 19          
AFR16DY 1229 1414 0 1 2 3 4 6 7 10 13 15 16 17 18 20 21 22  
AFR1687 1252 1381 0 1 2 3 4 6 7 10 13 14 15 17 18 20 21 22  
AFR1085 1352 1718 0 1 2 3 4 6 7 10 11 13 14 15 17 18 19 20 21 22
AFR943 1392 1754 3 8 9 11 12 14 16 19          
AFR1555 1401 1572 0 1 2 3 4 6 7 10 13 15 16 17 18 20 21 22  
BEE6LY 1403 1551 1 7 10 13 15 20            
AFR069 1419 1992 3 8 9 11 12 14 16 19          
DAL97 1421 2184 18                 
DAL84 1445 1728 6 8 9 16 17             
AFR138 1460 1743 5 8 9 11 12 14 16 17 19         
AFR18SZ 1478 1679 0 1 2 3 4 6 7 10 13 15 16 17 18 20 21 22  
BEE975G 1481 1598 1 7 10 13 15 20            
AFR15JA 1490 1636 0 1 2 3 4 6 7 10 11 13 14 15 17 18 19 20 21 22
AFR10YQ 1527 1639 1 7 10 13 15 20 22           
AFR17PA 1538 1644 1 7 10 13 15 20 22           
AFR107F 1552 1730 0 1 2 3 4 6 7 10 13 15 16 17 18 20 21 22  
JAL45 1621 2237 3 8 9 11 12 14 16 19          
ROT383 1638 1749 0 1 2 4 7 10 13 15          
AFR1855 1639 1800 0 1 2 3 4 6 7 10 11 13 14 15 17 18 19 20 21 22
AFR272 1744 1980 5 8 9 11 12 14 16 19          
AFR253 1752 2586 5 8 9 11 12 14 16 19          
AFR1120 1762 1920 0 1 2 3 4 6 7 10 13 15 16 17 18 20 21 22  
AFR1285 1819 2028 0 1 2 3 4 6 7 10 11 13 14 15 17 18 19 20 21 22
AFR15BW 1831 1963 0 1 2 3 4 6 7 10 11 13 14 15 17 18 19 20 21 22
AFR10NB 1831 1959 0 1 2 3 4 6 7 10 13 15 16 17 18 20 21 22  
AFR1465 1845 2027 0 1 2 3 4 6 7 10 11 13 14 15 17 18 19 20 21 22
AFR1531 1849 2006 0 1 2 3 4 6 7 10 13 15 16 17 18 20 21 22  
AFR008 1852 2045 5 8 9 11 12 14 16 19          
AFR18AT 1856 2010 0 1 2 3 4 6 7 10 11 13 14 15 17 18 19 20 21 22
AFR1753 1877 2173 0 1 2 3 4 6 7 10 11 13 14 15 17 18 19 20 21 22
AFR18SQ 1879 2177 1 7 10 13 15 20 22           
AFR17JA 1918 2130 0 1 2 3 4 6 7 10 13 15 16 17 18 20 21 22  
AFR12ST 1920 2059 0 1 2 3 4 6 7 10 11 13 14 15 17 18 19 20 21 22
AFR1045 1946 2112 0 1 2 3 4 6 7 10 11 13 14 15 17 18 19 20 21 22
AFR17DP 2004 2258 0 1 2 3 4 6 7 10 11 13 14 15 17 18 19 20 21 22
AMX003 2026 2524 5 8 9 16              
AFR13BE 2071 2237 1 7 10 13 15 20 22           
BEE596K 2075 2251 1 7 10 13 15 20            
AFR17WQ 2083 2278 0 1 2 3 4 6 7 10 11 13 14 15 17 18 19 20 21 22
AFR15MQ 2103 2258 0 1 2 3 4 6 7 10 11 13 14 15 17 18 19 20 21 22
AFR15HN 2112 2295 0 1 2 3 4 6 7 10 11 13 14 15 17 18 19 20 21 22
AFR128H 2128 2495 0 1 2 3 4 6 7 10 13 15 16 17 18 20 21 22  
AFR565 2134 2586 3 8 9 11 12 14 16 19          
CES569 2161 2421 11 12 14 16              
AFR11PE 2172 2338 1 7 10 13 15 20 22           
AFR1185 2200 2880 0 1 2 3 4 6 7 10 13 15 16 17 18 20 21 22  
DAL9885 2252 2308 6 8 9 16 17             
AFR102 2301 2582 5 8 9 11 12 14 16 19          
AFR15UL 2370 2880 0 1 2 3 4 6 7 10 11 13 14 15 17 18 19 20 21 22
AFR1891 2377 2880 0 1 2 3 4 6 7 10 13 15 16 17 18 20 21 22  
AFR382 2377 2606 3 8 9 11 12 14 16 19          
AFR14XQ 2383 2880 0 1 2 3 4 6 7 10 11 13 14 15 17 18 19 20 21 22
AFR11LE 2387 2880 0 1 2 3 4 6 7 10 13 15 16 17 18 20 21 22  
AFR11TM 2396 2880 0 1 2 3 4 6 7 10 11 13 14 15 17 18 19 20 21 22
AFR1745 2403 2880 0 1 2 3 4 6 7 10 11 13 14 15 17 18 19 20 21 22
AFR1621 2413 2590 0 1 2 3 4 6 7 10 13 15 16 17 18 20 21 22  
AFR1755 2450 2880 0 1 2 3 4 6 7 10 11 13 14 15 17 18 19 20 21 22
AFR11UY 2482 2880 0 1 2 3 4 6 7 10 13 15 16 17 18 20 21 22  
AFR188 2527 2748 3 8 9 11 12 14 16 19          
