Gates: 27 Flights: 184
Opening time: 0 Closing time: 2880

AFR11EY 0 666 19 21 15 25 2 8 11 0 3 24  
AFR11HH 0 642 13 0 23 19 16 20 15 2 8 11  
AFR113G 0 657 8 20 21 10 6 19
AFR56AE 0 657 18 20 21 15 24 13 11 14 2 12 16 19
AFR10XQ 0 621 25 23 19  17 12 2 11 13 16
AFR11SC 0 678 8 16 11 21 12 5 6 23    
AFR175K 0 626 21 24 23 2 0 13 10 25 8 3  
AFR124E 0 675 25 24 2 21 18 26 23 11    
AFR134Z 0 706 2 5 13 26 16 24 11 12    
AFR138N 0 644 13 25 6 8 11 24 5 16    
AFR10EJ 0 637 22 11 26 23 14 25 16 15 8 3  
AZA339 0 506 17 2 24 5 10 12 0 9 11
AFR14ZG 0 715 8 2 0 3 20 10 26 19 21 13  
AZA317 0 578 18 23 3 17 5 24 6 13    
AFR1212 0 648 18 15 21 13 10 16 14 6 11 19 23 25
AFR14HQ 0 659 8 26 13 3 23 14  
AFR120F 0 637 17 3 21 26 6 25 18 5    
AFR62BY 0 656 10 16 12 9 23 8 26 19 2 0  
AFR12NU 0 736 19 21 22 26 8 3 14 15 10 16  
AFR13DB 0 603 17 26 12 16 19 8 22
AFR77TE 0 632 25 22 11 20 9 26 13 21 23 19  
AFR12RJ 0 586 14 16 17 22 23 0 19 10 25 12  
AFR257 486 702 1 4 7         
AFR977 589 1032 1 4 7         
AFR87NZ 636 739 20 17 19 5 22 2 26 0 23 8 25 6
AFR32MV 671 819 20 24 16 25 3 22 13
AFR96RE 684 795 22 8 6 16 3 11 26 12    
AFR16UC 691 882 11 10 19 0 15 3 23 26 2 21  
AFR54CB 697 879 14 12 0 17 8 19 3 2 24 9  
KLM23P 706 821 2 11 12 13 19       
AFR333 708 1450 1 4 7         
AFR1449 725 785 3 8 24 11 25 21 6 5    
AEA1005 742 869 11 26 13 12 17 25      
AFR36EZ 756 936 3 24 25 23 17 5 11 18    
KLM11P 763 920 2 11 12 13 19       
AZA300 767 927 23 22  8 9 17 10 18 3
AFR103M 774 940 6 25 8 0 15 22 5 3 11 18 23 19
AFR12TP 775 915 17 9 5 22 18 24 6 3 14 13 19 2
AFR11UP 777 948 11 2 5 13 16 25 3 21    
AFR13RR 782 950 14 26 3 11 6 9 2 25 5 20 8 24
AFR14YU 785 916 8 25 23 2 22 12 24 17    
AFR11JT 798 944 14 25 2 19 12 10 22 8 15 17  
AFR98CZ 802 994 5 2 24 13 8 12 6 23    
AFR12QG 812 942 24 14 0 26 15 22 13 8 11 23  
AFR58JW 813 957 13 25 24 17 16 22 18 3    
AFR14XL 814 945 21 15 3 8 24 18 12 9 14 19 17 2
AFR10GG 817 914 0 13 21 22 16 10 2 9 24 23  
AFR16EF 834 1202 13 15 24 18 10 22 17
AEA1039 836 982 26 17 25 18 23 11      
AFR10NN 837 1045 13 16 6 17    
AFR11VA 840 1074 17 26 24 23 16 13 20 22 25 2 0 8
AFR163Q 850 1044 8 10 15 0 26  20  
AFR15KD 873 1010 8 24 23 0 21 26 16 14 2 13  
KLM37P 888 1003 23 24 26 17 3 25      
AZA79L 974 1087 13 25 26 24 23 17 12 2    
AFR825 1067 1672 1 4 7         
AFR77JX 1077 1279 20 0 11 23 14 15 22 12 2 8  
AFR12HX 1078 1205 24 16 12 13 21 22 6 25    
AFR76VQ 1091 1291 2 10 24 12 23 14 8 11 25 17  
AFR498 1095 1098 1 4 7         
AFR44EU 1116 1284 13 12 2 25 3 18 5 15 8 26 23 14
AFR12NT 1128 1278 21 2 9 26 14 19 5 24 18 15 12 3
AFR10UG 1140 1306 25 22 21 23 11 20 9 26 14 13  
AFR14MF 1155 1272 22 2 13 9 8 0 26 10 21 11  
AFR11SZ 1165 1276 15 8 19 23 14  
AFR16TG 1171 1312 17 11 8 18 22 9 2 21 15 20 25 14
AFR12MG 1173 1313 13 22 14 23 0 26 19 11 10 21  
AFR13GV 1175 1353 13 18 17 22 3 21 5 24    
AFR77DN 1178 1312 9 12 8 2 23 19 11 10 13 21 5 15
AFR17WF 1183 1325 20 21 2 16 8 13 14 22 9 10  
AFR11FP 1189 1289 10 13 25 8 14 2 20 15 19 21  
AFR13TP 1205 1342 24 17 12 21 26 23 8 5    
AFR10LF 1206 1337 25 5 16 6 17 23 14 15 2 8 18 10
AFR14TW 1206 1346 3 15 10 13 9 12 21 2 25 17  
AFR662 1208 1418 1 4 7         
AFR766B 1216 1354 3 12 6 13 22 21 25 17    
AFR99UD 1221 1364 0 11 26 13 9 19 12 16 10 2  
AFR13FN 1226 1386 10 23 2 5 11 12 13
AFR11BQ 1236 1371 22 19 10 0 24 9 15 17 8 21 6 25
AZA84A 1242 1346 12 13 22 9 21 11 16 3 8 17  
AFR77ML 1273 1405 17 25 8 5 23 6 11 12    
AFR12LL 1280 1409 12 18 3 6 23 26 24 8    
AFR18LQ 1305 1414 20 23 11 9 22 21 12 13 16 10  
AFR11YL 1323 1476 21 16 12 25 18    
AFR66QP 1326 1555 2 5 8 11 26 6 17 18    
AFR13SF 1354 1582 17 16 21 5 18 12 6 13    
AFR18VF 1381 1578 16 15 25 10 21 26 20 0 13 12  
KLM15P 1397 1510 17 24 8 23 25 12      
AFR39NC 1422 1626 23 25 0 3 2 10 19 13 20 22  
AFR13VV 1430 1618 0 14 25 16 22 11 3 19 23 12  
AFR14HN 1436 1577 19 9 20 24 15 23 22 12 2 8  
AFR860 1441 1732 1 4 7         
AFR45WR 1442 1564 14 2 10 3 17 19
AFR37TR 1446 1587 11 13 3 22 17 12 24 8    
AFR76RR 1447 1609 16 18 12 5 2 26 21 17    
AFR63KW 1449 1599 13 2 25 11 16 26 5 24    
AEA1007 1453 1601 12 24 2 3 18 11      
AFR17LE 1456 1611 12 19 15 24 8 11 22 20 9 13  
AFR12FW 1468 1714 8 3 13 14 0 10 26 12 16 20  
AFR77DA 1471 1598 18 13 16 12 5 24 2 26    
AFR17QR 1472 1594 21 14 12 23 15 3 19 13 10 22  
AFR12QZ 1475 1587 20 14 23 0 19 26 2 25 10 16  
AFR13DT 1477 1635 19 8 21 26 3 24 12 10 14 16  
AZA312 1482 1609 15 6 11 21 25 0
AFR11NA 1489 1628 26 21 3 19 5 11 23 24
AFR1349 1559 1688 23 21 17 13 5 22 11 24    
AFR16YU 1577 1735 11 2 3 6 13 24 16 17    
AFR11QE 1587 1665 17 12 18 9 2 15 5 23 19 21 24 22
AFR11DP 1592 1714 24 19 9 21 2 16 18 6 14 12 15 23
AFR16GD 1598 1777 16 3 12 15 22 11  
AFR182W 1607 1667 22 15 19 21 8 23 5 13 3 0 25 10
AFR77ER 1619 1745 23 11 26 15 25 8 9 0 3 22  
AFR12TX 1629 1786 20 19 12 3 9 17 10 5 8 23 2 14
AFR14LL 1647 1755 24 14 13 21 23 3 12 8 15 9  
AFR10EP 1649 1828 9 24 25 14 20 15 26 0 8 16  
AFR17ZE 1679 1796 20 11 9 0 22 26
AFR16CJ 1707 1953 16 14 8 22 20 0 23 13 9 25  
AFR14AH 1749 1809 14 2 16 9 25 8 20 10 26 11  
AFR92MZ 1749 1887 2 0 6 13 14 10 11 23 16 24 15 17
AFR15TH 1754 1998 21 26 23 10 20 3 13 16 6
AFR39KY 1768 1957 9 14 20 15 21 23 0 13 26 10  
AFR89SG 1773 1914 11 0 17 13 3 19 16 14 8 5 9 20
AFR15GV 1783 1903 11 23 24 20 12 22 26 9 3 21  
AFR59YM 1786 1892 12 2 21 15 13 24  
AFR008 1812 2053 1 4 7         
AFR17UR 1821 2084 11 14 10 12 8 23 15 9 22 24  
AZA324 1823 1968 17 6 2 5 26 16 25 11    
AFR18XY 1823 2033 23 16 21 19 26 24  
AFR165 1842 2617 1 4 7         
AFR10CL 1855 1973 12 21 26 23 13 22 6 18    
AFR16TM 1864 1986 13 23 17 18 10 15 9 2
KLM19P 1877 2023 23 13 18 8 26 12      
AFR16WK 1903 2083 16 3 26 8 21 6 2 5 20 24 25 15
AFR17SC 1908 2056 18 11 23 13 2 3 21 5    
AFR13CZ 1920 2067 22 25 2 13 21 10 11 24 12 15  
AFR11KK 1935 2030 23 9 15 8 12 16 22 3 10 26  
KLM25P 2019 2192 2 11 12 13 19       
AFR13GQ 2026 2238 9 23 18 25 6 15 26
AFR12BM 2055 2293 3 5 24 25 23 18 8 22    
AEA1037 2063 2265 2 23 13 12 17 25      
AFR110B 2064 2194 22 24 6 2 12 18 5 16    
AFR13VH 2067 2265 24 26 6 3 21 10 5 16 11 19 9 20
AFR122Q 2082 2313 23 10 13 21 3  
AFR15CB 2115 2285 11 3 21 19 16 2 22 15 13 20  
AFR85KX 2123 2282 3 12 17 18 24 13 16 25    
AZA358 2125 2248 20 2 6 19 18 14 5 9 25 12 26 3
AFR74HT 2128 2322 9 24 10 26 3 19 2 0 16 13  
AFR16FM 2128 2299 13 16 2 17 12 5 6 18    
AFR13JP 2131 2248 22 12 10 16 6 0 21 17
AFR18DR 2143 2268 20 23 25 10 19 2 3 15 16 12 8 6
AFR76NA 2146 2361 12 0 9 3 11 2 16 10 8 20  
AEA1009 2152 2303 25 23 11 17 3 12      
AFR7709 2160 2270 14 23 3 18  11 0 19 20 13
AFR11KR 2161 2301 18 20 24 19 2 10 15 22 8 12 23 14
AFR18VY 2166 2284 26 18 12 23 22 8 10 6 3 2 14 13
AFR18BW 2171 2322 14 9 19 16 22 13 12 10 24 0  
AFR15WT 2186 2327 26 22 12 24 6 2 17 18    
AFR18JN 2190 2315 23 13 2 6 22 17 25 26    
AFR73UQ 2207 2324 23 17 15 20 2 19 13 5 24 22 18 0
AFR117 2210 2880 1 4 7         
AFR16RW 2215 2354 20 26 21 25 14 8 0 10 16 23  
AFR14HR 2235 2364 20 8 24 19 2 26 10 16 23 9 25 12
AFR14YZ 2274 2880 3 8 22 13 12 25 0 16 9 10  
AFR31VN 2306 2418 3 26 18 6 21 16 0 23
AFR10JQ 2310 2880 10 12 20 23 19 2 24 15 25 14 21 3
AFR188 2351 2592 1 4 7         
AFR104T 2364 2880 8 0 19 17 13 16 26 12 18 21 23 11
AFR14DC 2410 2594 17 16 23 21 20 25 15 11 9 19  
AFR14UM 2414 2880 16 13 15 12 21 24 23 26 2 0 14 3
AFR17GM 2415 2880 13 9 11 10 3 12 0 15 19 23  
AFR81CT 2416 2880 15 2 19 8 20 24  
AFR54WL 2424 2880 13 24 16 19 2 26 3 8 20 11  
AFR11DR 2433 2880 0 15 8 13 10 2 16 3 26 22  
AFR12AA 2443 2880 2 13 10 20 11 23 19 21 24 16  
AFR10VR 2444 2880 16 23 2 19 10 0 9 13 21 25  
AFR15QQ 2452 2880 15 12 16 17 19 21 14 24 2 10  
AFR95PJ 2453 2880 19 2 10 0 14 23 15 22 11 3  
AFR13QV 2456 2880 23 16 21 22 5 24 26 6    
AFR32KR 2465 2880 25 8 21 2 13 22 23 5    
AFR11SF 2470 2880 17 18 3 12 22 2 5 11    
AFR12BW 2481 2880 8 6 5 25 18 17 21 13    
AFR1313 2516 2880 0 6 16 18 5 3 14 15 20 9 2 21
AZA332 2566 2880 21 23 2 3 17 5 24 11    
AZA338 2657 2880 2 9 23 8 17 15 11 5 19
