Gates: 4 Flights: 22
Opening time: 480 Closing time: 900

ZI454 480 542 0 1 2 3
CX403 500 610 1 3  
KL018 515 590 0 1 2 3
ZI442 530 592 0 1 2 3
KL023 580 655 0 1 3
LH479 585 660 0 1 3 
KL055 590 700 1 3
ZI412 600 662 0 1 2 3
KL002 620 730 1 3
LH218 655 730 0 1 2 3 
ZI734 665 740 0 1 2 3
LH089 670 758 0 2 3
FR205 680 755 1 2 3
CX444 700 775 0 1 3
KL034 710 785 1 2 3
FR2105 730 805 0 1 3  
IB8776 770 880 0 1 3  
EZY4025 775 837 0 1 2 3
LH1009 790 900 1 3
LX1024 800 862 0 1 2 3  
KL6120 810 872 1 2 3
ZI477 825 900 0 1 2 3