Gates: 50 Flights: 299
Opening time: 0 Closing time: 2880

AFR10TK 0 628 40 34 44 49 17 35 18 47 43 13 20 31 6 15 26 38 7 21 11 
AFR18AB 0 631 31 36 40 20 4 22 15 14 35 34 17 37 7 0 46 39 43 13 44 
AFR1464 0 914 4 15 20 13 33 2 0 44 38 47 18 1 35 40 48 42 39 43 36 
AFR1680 0 698 5 8 9 16 24 27              
AFR16GK 0 656 13 18 48 14 42 1 34 3 36 32 26 17 0 31 7 25 49 35 44 
AFR1084 0 664 22 7 20 33 1 46 36 45 49 26 31 25 6 15 44 19 21 37 2 
AFR16MA 0 646 34 44 11 19 39 6 32 21 7 13 23 49 1 40 26 46 20 33 25 
AFR11WL 0 726 7 35 48 46 22 13 2 39 26 32 1 11 4 42 10 31 43 0 17 
AFR158R 0 990 46 29 6 4 28 7 3 17 37 32 44 45 2 1 43 0 48 22 35 16
AFR11EY 0 666 22 43 2 1 39 49 36 31 15 14 20 7 45 48 46 44 18 42  
AFR11HH 0 642 44 7 38 4 43 14 37 20 49 36 46 22 32 35 45 18 17 33  
AFR113G 0 657 6 38 7 18 23 0 43 40 25 46 26 1 15 20 42 44 2 17 34 47
AFR56AE 0 657 16 41 43 20 33 39 42 15 10 31 38 28 6 34 21 2 3 23 4 44
AFR10XQ 0 621 44 0 41 18 29 6 22 21 39 16 35 28 15 33 17 20 34 26 25 10
AFR11SC 0 678 34 45 22 44 47 16 26 2 31 40 3 48        
AFR175K 0 626 45 23 49 22 13 32 10 26 31 1 2 17 18 39 25 48 35 6  
AFR124E 0 675 45 17 41 29 35 3 16 22 47 48 36 28        
AFR134Z 0 706 18 39 49 31 48 36 28 44 41 26 3 22        
AFR138N 0 644 36 28 17 40 26 48 18 45 39 35 25 44        
AFR10EJ 0 637 38 0 23 34 13 35 31 1 7 3 36 25 39 15 49 37 2 26  
AZA339 0 506 49 13 33 42 41 40 31 43 6 39 28 44 15 20 10 17 45 16 25 0
AFR14ZG 0 715 36 45 6 25 2 18 35 10 26 19 15 11 1 49 0 44 22 32 3 
AZA317 0 578 22 40 3 35 25 17 13 39 45 41 31 47        
AFR1212 0 648 25 38 49 48 4 46 16 6 45 34 15 41 28 40 44 26 3 20 23 13
AFR14HQ 0 659 25 2 15 33 22 26 0 45 42 35 46 1 7 48 34 17 14 44  
AFR120F 0 637 48 28 47 49 16 46 3 36 18 26 45 17        
AFR62BY 0 656 22 38 15 43 33 36 32 11 14 37 1 42 23 40 17 7 48 13 31 
AFR12NU 0 736 49 17 10 35 21 36 23 7 48 26 45 1 13 4 3 18 22 20  
AFR13DB 0 603 0 3 21 7 16 2 46 41 44 17 43 10 47 35 22 20 33 38 13 45
AFR77TE 0 632 35 25 7 14 33 26 37 23 3 36 42 15 18 48 45 38 46 47  
AFR12RJ 0 586 35 20 44 25 32 46 19 43 37 4 33 47 11 1 13 36 23 3 40 
AFR293 269 572 3 9 27 24 19               
AFR023 363 568 30 8 3 11 27               
AFR1121 376 701 31 42 46 29 13 25 7 18 40 23 35 47 43 3 37 4 45 2 38 10
AFR487 403 698 42 49 36 18 34 40 33 23 21 26 35 45 48 15 47 32 20 41 1 13
AFR1785 409 1095 44 41 2 17 29 40 25 18 43 35 22 39 16 28 37 13 38 36 23 46
AFR345 418 717 5 8 9 16 24 27              
MEA209 453 977 5 19 27 12 16 17              
AFR833 460 1068 19 12 11 14 17 16              
AFR111 463 908 3 16 14 27 12               
AFR107 484 790 24 5 30 8 14               
AFR257 486 702 16 9 14 19 12               
AFR953 577 750 5 8 9 11 12 14 16 24 27 30          
AFR977 589 1032 9 30 19 14 27               
AFR87NZ 636 739 31 29 17 28 26 2 22 16 10 42 7 25 37 48 35 13 47 21 45 38
AFR32MV 671 819 48 25 31 18 47 26 1 40 45 33 22 44 4 7 3 37 38 15 23 0
AFR96RE 684 795 41 45 29 13 25 22 44 46 26 47 16 48        
AFR16UC 691 882 21 0 10 20 44 7 35 46 22 3 43 13 33 26 2 23 6 31  
AFR401 692 1121 16 11 8 19 14               
AFR54CB 697 879 46 19 49 11 34 36 22 15 1 38 39 20 4 26 3 14 0 43 47 
KLM23P 706 821 0 4 7 10 25 34 35 36 42           
AFR333 708 1450 11 27 24 14 16               
DAL78 712 874 18                   
AFR1449 725 785 44 29 18 47 35 41 31 25 45 16 17 39        
AFR217 729 1012 5 14 24 12 27               
MAU34 738 913 5 8 9 11 12 14 16 24 27 30          
AEA1005 742 869 40 26 35 49 36 25              
AFR191 755 1088 9 30 27 11 12 17              
AFR36EZ 756 936 41 36 29 48 49 45 47 22 26 35 2 34        
AFR379 757 1366 14 30 19 11 24               
KLM11P 763 920 0 4 7 10 25 34 35 36 42           
AZA300 767 927 26 44 41 6 0 48 7 28 47 46 29 2 42 3 36 43 37 35 39 34
AFR103M 774 940 43 20 42 44 31 37 39 46 38 35 23 1 18 13 15 22 29 21 34 4
AFR12TP 775 915 38 10 28 1 13 7 26 32 45 4 34 40 44 49 20 29 47 46 3 43
AFR1391 776 979 25 48 42 15 43 3 26 22 19 2 7 47 18 4 33 21 45 35 11 
AFR11UP 777 948 22 26 13 35 40 48 36 44 41 28 16 2        
AFR13RR 782 950 7 38 35 29 1 16 26 32 21 17 44 49 48 23 4 15 40 31 13 43
AFR14YU 785 916 28 16 26 3 25 41 29 22 49 47 18 17        
AFR10BU 786 941 17 23 40 15 33 7 45 37 47 20 10 21 26 34 11 19 49 48 35 
AFR1665 793 926 18 31 14 48 44 43 46 0 35 15 49 23 10 45 25 17 36 40 6 
AFR11JT 798 944 40 18 21 45 14 1 0 25 34 32 35 49 33 11 44 31 20 2 6 
AFR98CZ 802 994 26 36 31 40 22 17 35 45 16 18 2 34        
AFR10SV 808 957 1 7 10 13 15 20 22             
AFR12QG 812 942 10 3 1 7 17 26 2 32 44 13 18 38 6 14 22 47 31 43  
AFR58JW 813 957 28 16 39 49 47 26 46 18 48 40 36 41        
AFR14XL 814 945 34 37 47 33 43 20 39 29 7 42 2 26 46 32 1 10 17 4 25 3
AFR10GG 817 914 48 14 36 4 49 34 3 46 20 18 13 33 1 32 10 47 15 17  
AFR16EF 834 1202 32 4 46 37 20 22 13 29 21 7 44 47 35 10 3 15 34 36 28 16
AEA1039 836 982 25 31 36 35 26 47              
AFR10NN 837 1045 39 36 13 28 17 22 47 35 49 46 29 3        
AFR11VA 840 1074 13 44 47 39 16 1 0 17 32 38 46 26 49 7 41 22 35 45 15 18
AFR1653 844 1140 45 35 48 34 21 37 15 14 13 32 26 49 19 38 44 7 23 18 31 
AFR10LA 847 972 49 46 44 31 38 34 45 7 32 3 13 1 0 47 37 42 10 28 15 40
AFR163Q 850 1044 21 10 48 33 39 37 49 42 32 6 1 4 25 17 38 18 22 15  
AFR13CK 851 1015 48 1 10 44 0 13 22 34 7 15 14 32 42 18 26 39 25 46 4 
AFR15KD 873 1010 31 22 26 4 23 46 37 17 18 2 47 42 45 25 36 21 1 48  
AFR15HM 877 1003 1 7 10 13 15 20 22             
KLM37P 888 1003 25 48 35 31 46 1              
AFR1845 963 1294 26 36 11 21 18 22 37 42 39 25 32 14 0 46 44 49 6 31 13 
AZA79L 974 1087 29 39 35 48 34 17 16 47 25 13 46 31        
AFR027 978 1692 12 14 8 24 19               
AFR099 987 1511 16 30 12 14 9               
AFR1355 991 1308 36 46 48 40 37 31 26 33 42 18 32 35 49 7 45 25 23 0 39 
AFR651 1044 1641 30 24 19 27 14               
AFR321 1064 1613 16 17 27 8 9 5              
AFR825 1067 1672 5 16 12 30 9               
AFR77JX 1077 1279 44 21 3 49 25 15 45 38 23 33 39 13 37 1 32 42 7 43  
AFR12HX 1078 1205 41 47 18 29 25 40 16 26 2 22 39 45        
DAL106 1084 1379 6 12 14 17 18               
AFR871 1087 2447 14 8 19 24 27 16              
AFR76VQ 1091 1291 45 36 14 39 47 11 23 26 33 0 2 32 4 7 35 10 3 34 37 
AFR276 1095 1439 12 3 16 24 14               
AFR498 1095 1098 5 8 9 11 12 14 16 24 27 30          
AFR459 1100 1439 11 5 9 30 12               
AFR16MH 1111 1330 21 32 6 1 31 3 47 15 14 38 23 40 33 49 43 37 0 7 17 
AFR44EU 1116 1284 25 47 43 15 49 22 3 23 28 21 7 39 46 17 0 41 26 40 13 36
AFR12NT 1128 1278 0 2 18 4 29 40 45 21 26 22 47 15 46 1 42 25 13 48 7 16
ROT381R 1139 1263 0 1 2 4 7 10 13 15            
AFR10UG 1140 1306 22 42 4 46 25 47 17 21 2 14 3 44 39 35 36 45 26 37  
AFR1145 1141 1338 44 19 2 15 4 22 49 47 3 7 0 37 33 25 20 43 13 31 39 
AFR13DZ 1145 1452 28 35 42 22 20 40 43 15 39 31 16 4 23 32 13 49 33 3 6 17
AFR14MF 1155 1272 20 26 4 18 48 33 14 45 38 3 17 32 49 15 7 10 0 43  
AFR11SZ 1165 1276 20 35 37 49 22 32 2 0 15 48 43 33 38 23 13 17 3 18  
AFR072 1169 1407 11 12 16 24 19               
AFR16TG 1171 1312 37 49 0 44 42 13 21 2 41 4 31 7 26 23 36 39 16 45 20 1
AFR12MG 1173 1313 32 36 13 31 22 42 2 47 26 6 21 43 34 49 38 20 7 4  
AFR11XK 1174 1327 46 48 34 4 17 36 40 49 43 19 21 11 44 18 2 45 25 47 22 
AFR149N 1175 1324 43 49 48 40 39 29 25 32 17 26 41 15 33 46 42 16 18 6 28 4
AFR13GV 1175 1353 39 44 22 2 48 36 34 29 47 31 16 26        
AFR1687 1176 1309 0 47 19 32 23 20 40 1 43 4 13 14 39 10 2 18 36 38 26 
AFR77DN 1178 1312 18 41 22 37 34 47 35 26 29 23 28 38 49 46 40 0 6 33 20 44
AFR17WF 1183 1325 45 42 31 32 46 37 33 6 10 22 36 26 35 3 17 38 0 18  
AFR11FP 1189 1289 1 6 7 32 33 23 17 47 39 42 49 18 15 38 20 37 0 48  
AFR13TP 1205 1342 13 34 39 47 22 40 2 3 36 35 18 26        
AFR10LF 1206 1337 41 37 34 29 47 32 1 2 43 15 4 25 17 20 35 45 13 36 6 38
AFR14TW 1206 1346 44 46 45 47 6 17 43 10 18 21 15 7 0 42 34 2 20 25 38 
AFR662 1208 1418 24 14 12 3 16               
AFR1321 1215 1358 2 4 13 20 41 34 38 28 33 0 46 36 6 7 31 15 26 16 42 37
AFR766B 1216 1354 18 36 39 35 3 31 40 46 41 49 44 22        
AFR99UD 1221 1364 6 3 45 17 2 31 0 20 21 46 39 19 40 4 32 1 25 14 26 
AFR13FN 1226 1386 25 41 47 48 15 43 21 0 42 10 6 31 34 35 13 1 22 39 44 28
AFR92NW 1232 1454 44 10 20 19 32 46 43 45 31 14 40 0 6 2 33 18 35 25 48 
AFR11BQ 1236 1371 6 42 33 36 7 18 34 47 45 1 23 17 44 48 0 37 26 3 13 39
AFR14RQ 1237 1391 47 39 36 4 1 21 44 15 49 10 32 41 43 2 18 28 45 0 13 25
AZA84A 1242 1346 7 39 15 36 10 18 0 2 26 40 32 37 21 1 43 44 20 22 45 
AFR77ML 1273 1405 46 39 2 13 22 29 35 45 47 16 34 3        
AFR12LL 1280 1409 45 13 25 28 22 39 18 36 48 3 49 34        
BEE529H 1287 1403 1 7 10 13 15               
AFR18LQ 1305 1414 20 44 0 23 4 3 34 43 7 15 35 13 26 49 48 46 47 25  
AFR11YL 1323 1476 36 44 46 49 13 28 35 40 47 45 3 2        
AFR66QP 1326 1555 46 29 39 31 44 34 18 48 17 41 49 40        
AFR1085 1345 1490 13 23 49 31 45 36 17 40 0 4 43 34 18 33 15 6 7 38 46 
AFR13SF 1354 1582 36 49 29 13 28 3 35 25 41 17 46 47        
AFR483 1381 1723 8 19 27 11 3               
AFR18VF 1381 1578 47 23 49 18 22 2 17 26 44 6 20 46 7 1 34 36 15 42  
KLM15P 1397 1510 41 49 1 36 48 40              
AFR1431 1417 1619 10 34 40 20 33 15 44 47 3 0 49 41 23 18 36 17 45 43 37 46
DAL97 1418 1595 18                   
BEE6LY 1422 1569 1 7 10 13 15 20              
AFR39NC 1422 1626 33 46 1 22 31 23 21 15 4 45 48 26 32 38 34 37 2 6  
AFR1555 1428 1594 26 13 31 33 16 29 1 28 36 21 41 34 45 22 3 2 42 10 44 38
AFR13VV 1430 1618 18 45 26 34 35 21 42 14 17 4 1 23 36 49 48 37 13 33  
AFR14HN 1436 1577 4 37 15 2 0 48 6 47 10 20 32 49 36 45 7 3 21 1  
AFR943 1437 2047 11 16 30 9 24               
AFR860 1441 1732 5 8 9 11 12 14 16 24 27 30          
AFR45WR 1442 1564 35 4 7 21 46 17 25 13 16 40 6 48 20 37 31 42 41 33 15 22
AFR37TR 1446 1587 35 46 29 47 22 2 40 48 25 34 31 17        
AFR76RR 1447 1609 13 22 16 3 45 18 44 36 46 17 26 35        
AFR63KW 1449 1599 34 18 26 28 41 39 48 22 17 25 29 3        
AEA1007 1453 1601 35 1 34 25 31 48              
AFR17LE 1456 1611 46 26 17 22 43 6 33 3 25 44 38 48 20 49 10 0 23 4  
AFR13QJ 1459 1707 10 2 38 1 32 34 23 48 35 13 47 6 25 40 22 36 14 17 15 
AFR18SZ 1464 1524 19 7 1 11 17 20 18 14 42 25 32 48 21 43 3 15 47 33 36 
AFR12FW 1468 1714 15 20 48 43 21 2 38 11 34 4 46 22 1 45 40 33 25 26 42 
AFR77DA 1471 1598 22 26 40 46 31 47 34 35 17 41 2 13        
AFR17QR 1472 1594 26 37 35 39 38 43 3 15 13 23 18 4 45 34 17 33 22 10  
AFR12QZ 1475 1587 32 18 39 2 33 13 43 4 45 15 21 49 0 42 34 37 10 26  
AFR13DT 1477 1635 34 36 6 14 48 13 45 47 0 37 33 46 38 43 15 4 35 42  
AFR10YQ 1480 1595 1 7 10 13 15 20 22             
AZA312 1482 1609 29 20 40 31 4 38 21 34 41 22 39 17 25 43 32 0 3 15 37 33
AFR107F 1485 1707 0 47 37 4 6 43 19 39 34 14 15 44 13 49 36 11 3 17 21 
AFR11NA 1489 1628 45 3 47 4 29 38 20 34 13 36 33 39 0 46 37 1 21 42 35 18
BEE975G 1493 1573 1 7 10 13 15 20              
AFR15JA 1499 1670 20 49 28 40 22 32 46 36 44 41 21 42 37 48 43 29 10 34 0 23
AFR17PA 1514 1617 1 7 10 13 15 20 22             
AFR1349 1559 1688 49 13 17 29 26 45 44 25 28 36 31 16        
AFR16YU 1577 1735 48 25 16 17 18 36 41 31 13 45 35 49        
AFR11QE 1587 1665 46 21 38 42 47 0 40 26 28 36 16 41 13 34 17 2 10 1 44 3
AFR11DP 1592 1714 47 32 0 16 44 43 15 33 36 20 45 34 4 40 38 35 21 10 6 46
AFR16GD 1598 1777 32 42 21 15 33 31 0 7 47 38 6 10 48 39 18 2 45 1  
AFR182W 1607 1667 20 43 29 49 16 17 15 3 34 1 42 40 39 23 2 41 25 33 28 10
ROT383 1618 1740 0 1 2 4 7 10 13 15            
AFR77ER 1619 1745 34 20 37 7 31 45 14 17 38 0 18 33 48 39 44 3 15 42  
AFR12TX 1629 1786 22 3 0 13 7 16 2 42 46 6 31 36 37 29 18 33 32 4 39 20
AFR14LL 1647 1755 38 34 35 45 20 13 7 46 37 49 31 39 14 4 3 26 10 33  
AFR10EP 1649 1828 17 19 26 13 10 4 11 32 7 42 37 21 14 45 18 22 46 47 31 
AFR1855 1669 1823 0 46 4 15 10 19 47 6 38 43 14 1 21 25 26 39 13 40 37 
JAL45 1676 2232 27 8 9 24 30               
AFR10YC 1678 1970 6 35 38 15 20 32 0 2 49 40 17 1 23 7 45 22 46 3 25 13
AFR085 1679 2575 14 12 30 19 8               
AFR17ZE 1679 1796 44 43 36 10 42 45 22 4 16 41 40 31 25 38 0 35 18 7 48 13
AFR1285 1687 2019 1 47 13 4 11 18 44 42 19 49 2 33 23 31 39 48 7 38 17 
AFR16CJ 1707 1953 35 33 39 23 13 4 14 38 25 10 46 31 32 22 45 42 20 34  
AFR275 1710 2319 12 24 3 27 11               
AFR291 1725 2591 14 24 11 19 9               
AFR274 1736 2602 8 12 24 30 27               
AFR14AH 1749 1809 21 17 31 38 26 22 14 39 35 47 23 48 18 44 45 1 13 0 11 
AFR92MZ 1749 1887 36 34 17 28 23 32 10 2 41 25 46 47 3 29 4 44 39 35 6 16
AFR077 1754 2055 5 30 19 9 8               
AFR15TH 1754 1998 37 6 23 10 13 21 44 46 40 18 0 34 45 47 4 42 22 36 16 29
AFR10XR 1768 1970 32 40 10 37 45 22 16 26 20 41 23 42 43 44 47 21 49 15 39 17
AFR39KY 1768 1957 6 45 26 17 18 39 1 37 22 33 34 36 13 47 32 15 14 44 48 
AFR89SG 1773 1914 38 39 28 42 43 2 6 1 22 0 33 49 29 13 17 37 25 45 3 10
AFR15GV 1783 1903 23 10 36 35 2 6 31 20 26 34 43 4 17 44 21 48 0 7  
AFR59YM 1786 1892 7 15 20 39 26 18 46 22 1 40 34 6 38 21 17 47 23 13 48 
AFR18AT 1792 2208 7 38 15 44 6 37 2 1 42 34 45 22 16 33 18 4 47 29 13 35
BEE175E 1798 1888 1 7 10 13 15               
JAL415 1809 2400 5 8 17 24 27               
AFR008 1812 2053 9 11 16 5 14               
AFR10NB 1814 2549 48 34 49 0 3 45 39 37 46 2 44 18 15 31 26 28 36 47 38 10
AFR17UR 1821 2084 39 43 1 47 23 25 13 20 44 26 49 32 42 7 31 38 22 10  
AZA324 1823 1968 49 2 47 31 34 25 39 41 45 18 46 35        
AFR18XY 1823 2033 34 7 22 26 2 44 38 1 37 43 14 21 32 13 15 42 49 36  
AFR1465 1829 1957 19 45 25 2 47 32 36 49 11 43 38 1 6 33 17 22 37 46 7 
AFR1753 1837 1965 26 22 31 20 49 25 44 43 32 36 6 0 21 17 2 23 37 4 11 
AFR165 1842 2617 9 8 30 12 27               
AFR15BW 1848 2065 49 25 17 6 19 20 7 35 1 36 39 22 33 46 40 10 32 2 11 
AFR10CL 1855 1973 13 39 36 17 48 3 44 28 31 25 40 47        
AFR16TM 1864 1986 45 44 20 0 48 43 17 29 37 39 38 3 4 36 15 28 13 32 33 47
KLM19P 1877 2023 48 46 31 36 41 1              
AFR12ST 1892 2011 32 15 21 14 31 44 40 49 46 23 17 13 26 10 38 36 3 22 39 
AFR16WK 1903 2083 31 23 34 28 10 46 2 6 41 3 36 48 22 13 4 17 18 42 20 26
AFR17SC 1908 2056 36 40 31 22 25 41 2 28 45 17 46 13        
AFR13CZ 1920 2067 31 44 4 43 17 25 7 38 2 32 13 15 33 49 22 6 37 35  
AFR11KK 1935 2030 2 37 46 47 31 18 35 48 3 43 23 20 22 15 10 21 36 25  
AFR1045 1940 2153 26 15 3 36 42 14 48 47 19 23 37 46 1 10 38 6 7 0 17 
AFR11XU 1956 2063 43 25 14 0 17 44 19 42 47 10 18 15 34 26 4 48 22 38 45 
AFR17JA 1996 2131 10 34 40 43 3 41 26 33 20 48 29 6 23 35 18 25 47 32 28 15
KLM25P 2019 2192 0 4 7 10 25 34 35 36 42           
AFR13GQ 2026 2238 38 39 3 6 44 2 0 23 36 31 4 32 45 18 28 29 43 42 34 49
AFR12BM 2055 2293 26 40 3 36 41 28 13 18 31 22 44 45        
AEA1037 2063 2265 47 46 34 48 35 40              
AFR110B 2064 2194 49 34 25 28 17 45 26 40 13 47 36 31        
AFR17WQ 2065 2227 46 22 26 13 21 37 23 18 20 3 6 17 10 38 15 33 19 0 11 
AFR13VH 2067 2265 29 15 22 45 26 20 33 46 28 36 32 25 42 35 16 3 2 18 44 21
BEE596K 2073 2251 1 7 10 13 15 20              
AFR442 2078 2609 14 19 8 3 12               
AFR122Q 2082 2313 18 7 39 48 36 4 2 23 31 35 15 25 22 3 45 46 34 0  
AFR15LE 2112 2389 17 10 34 48 0 21 26 18 41 6 42 28 1 44 23 16 46 32 45 38
AFR15CB 2115 2285 13 33 1 4 2 39 26 14 15 48 32 45 10 37 31 3 20 46  
AFR565 2123 2616 19 14 16 12 11               
AFR85KX 2123 2282 48 45 34 47 17 25 44 40 2 16 13 18        
BEE831K 2125 2270 1 7 10 13 15 20              
AZA358 2125 2248 17 20 33 7 37 28 39 10 47 38 43 0 46 31 45 4 22 34 41 18
AFR74HT 2128 2322 47 37 6 46 3 25 17 42 35 10 0 1 34 45 15 20 33 32  
AFR16FM 2128 2299 31 29 35 3 25 13 18 2 46 22 34 16        
AFR13JP 2131 2248 0 10 21 4 23 40 2 3 48 35 45 41 42 43 20 29 34 44 7 15
AFR15HN 2133 2287 19 39 38 49 44 6 34 7 0 40 18 37 23 48 36 31 42 35 1 
AFR15MQ 2142 2269 0 14 19 45 21 33 37 26 15 11 23 49 39 31 46 38 42 6 22 
AFR18DR 2143 2268 6 16 43 42 33 39 38 34 18 28 17 21 44 49 26 48 15 35 25 22
AFR1185 2146 2283 46 34 37 17 14 48 35 10 23 18 33 7 38 47 45 21 11 1 3 
AFR76NA 2146 2361 6 21 37 31 22 7 0 2 3 36 39 42 43 34 46 18 45 38  
AEA1009 2152 2303 25 31 40 26 48 41              
AFR11PE 2154 2265 1 7 10 13 15 20 22             
AFR128H 2154 2323 31 10 34 43 15 33 35 2 11 25 3 38 26 7 23 18 32 47 6 
AFR7709 2160 2270 26 18 33 3 49 31 42 36 32 21 25 43 38 6 45 22 29 47 34 44
AFR11KR 2161 2301 17 21 31 13 10 43 20 47 2 4 25 28 41 7 44 23 3 42 6 48
AFR18VY 2166 2284 22 36 40 26 41 23 3 21 17 42 13 20 28 49 2 43 33 10 46 39
AFR18BW 2171 2322 26 34 20 0 11 36 45 37 49 38 39 19 32 47 31 18 4 7 42 
AFR15WT 2186 2327 39 2 49 17 47 29 22 13 44 45 31 28        
AFR18JN 2190 2315 16 48 40 13 34 36 44 45 39 28 29 46        
AFR73UQ 2207 2324 44 22 10 4 35 21 33 15 49 2 16 26 7 47 3 13 38 43 23 39
AFR117 2210 2880 16 19 11 12 5               
AFR16RW 2215 2354 48 3 2 38 47 15 43 39 46 45 34 1 31 33 49 36 18 35  
AFR14HR 2235 2364 21 0 1 34 2 32 28 26 40 35 46 31 43 20 42 48 10 38 15 17
CES773 2248 2469 5 14 19 11 8 12              
AFR14YZ 2274 2880 48 46 47 3 39 45 6 7 21 38 44 22 4 18 1 0 17 33  
AFR31VN 2306 2418 2 26 43 37 44 35 39 21 1 48 42 20 47 34 38 45 18 23 13 25
AFR10JQ 2310 2880 33 21 48 20 42 46 29 7 17 15 32 45 37 1 49 16 35 0 47 2
AFR1745 2347 2880 3 39 17 35 40 43 25 2 23 21 26 18 13 45 34 42 7 46 33 
AFR382 2350 2583 16 24 8 12 9               
AFR188 2351 2592 3 16 9 24 8               
AFR1621 2364 2636 35 49 26 18 43 44 46 15 22 2 45 7 37 36 39 41 6 1 38 29
AFR104T 2364 2880 47 15 33 22 34 2 17 23 40 39 31 32 10 0 45 21 36 42 49 43
AFR166P 2393 2880 6 47 3 40 31 43 32 34 38 0 33 25 49 23 26 4 37 22 36 
AFR15UL 2393 2880 0 49 38 2 19 42 37 4 46 13 32 47 15 21 10 18 26 48 6 
AFR11LE 2396 2880 10 46 43 45 17 14 34 40 3 42 44 18 35 22 36 48 6 20 1 
AFR14DC 2410 2594 42 49 0 6 23 40 19 3 44 32 4 36 22 35 1 48 39 38 33 
AFR14UM 2414 2880 48 46 44 22 49 1 3 43 35 6 45 2 34 7 21 33 18 40 25 16
AFR17GM 2415 2880 20 35 25 39 45 2 47 49 17 21 37 44 38 4 1 33 3 7  
AFR81CT 2416 2880 26 18 19 40 49 47 7 0 20 25 1 48 38 10 6 3 39 43 21 
AFR54WL 2424 2880 22 45 19 34 15 2 42 4 10 11 20 40 43 38 17 33 23 26 14 
AFR1891 2431 2880 15 25 49 43 37 47 36 0 23 44 32 17 3 11 31 38 6 1 14 
AFR11DR 2433 2880 0 13 7 26 46 40 48 14 4 35 34 32 33 10 2 39 6 19 42 
AFR12AA 2443 2880 36 6 7 17 10 25 47 42 15 19 1 26 34 48 31 20 11 13 43 
AFR10VR 2444 2880 26 42 44 2 15 35 38 45 39 43 31 47 18 32 1 10 22 7  
AFR15QQ 2452 2880 21 15 3 44 31 4 43 19 45 10 18 37 36 20 7 35 48 11 2 
AFR95PJ 2453 2880 42 15 26 20 21 18 47 46 48 4 33 3 1 45 49 2 25 7  
AFR13QV 2456 2880 18 2 25 39 49 36 3 45 31 26 16 17        
AFR32KR 2465 2880 17 16 41 29 13 36 48 44 49 25 31 28        
AFR11SF 2470 2880 48 34 35 18 31 2 29 16 3 39 28 40        
AFR11UY 2474 2676 33 46 37 43 29 41 48 32 31 47 13 16 25 39 40 3 15 36 0 49
AFR12BW 2481 2880 40 49 48 28 18 45 31 36 35 46 3 17        
AFR1755 2486 2880 25 2 37 40 15 43 1 45 7 48 38 6 42 11 44 13 19 17 47 
AFR1313 2516 2880 3 49 48 31 35 37 4 23 33 32 6 28 43 42 34 20 22 7 45 18
AFR11TM 2565 2880 46 45 48 37 2 10 1 42 6 36 7 33 23 13 15 18 21 20  
AZA332 2566 2880 34 40 25 28 3 35 39 31 2 41 17 45        
AZA338 2657 2880 7 46 20 22 16 25 2 31 33 34 26 18 4 15 10 17 35 40 3 49
AFR10UN 2866 2880 35 26 4 45 10 0 42 28 41 20 29 16 23 34 13 3 40 39 7 1
