Gates: 5 Flights: 74
Opening time: 360 Closing time: 1320

#1	360	405	0	1	2	3	4
#2	372.5	417.5	0	1	2	3	4
#3	385	430	0	1	2	3	4
#4	397.5	442.5	0	1	2	3	4
#5	410	455	0	1	2	3	4
#6	422.5	467.5	0	1	2	3	4
#7	435	480	0	1	2	3	4
#8	447.5	492.5	0	1	2	3	4
#9	460	505	0	1	2	3	4
#10	472.5	517.5	0	1	2	3	4
#11	485	530	0	1	2	3	4
#12	497.5	542.5	0	1	2	3	4
#13	510	555	0	1	2	3	4
#14	522.5	567.5	0	1	2	3	4
#15	535	580	0	1	2	3	4
#16	547.5	592.5	0	1	2	3	4
#17	560	605	0	1	2	3	4
#18	572.5	617.5	0	1	2	3	4
#19	585	630	0	1	2	3	4
#20	597.5	642.5	0	1	2	3	4
#21	610	655	0	1	2	3	4
#22	622.5	667.5	0	1	2	3	4
#23	635	680	0	1	2	3	4
#24	647.5	692.5	0	1	2	3	4
#25	660	705	0	1	2	3	4
#26	672.5	717.5	0	1	2	3	4
#27	685	730	0	1	2	3	4
#28	697.5	742.5	0	1	2	3	4
#29	710	755	0	1	2	3	4
#30	722.5	767.5	0	1	2	3	4
#31	735	780	0	1	2	3	4
#32	747.5	792.5	0	1	2	3	4
#33	760	805	0	1	2	3	4
#34	772.5	817.5	0	1	2	3	4
#35	785	830	0	1	2	3	4
#36	797.5	842.5	0	1	2	3	4
#37	810	855	0	1	2	3	4
#38	822.5	867.5	0	1	2	3	4
#39	835	880	0	1	2	3	4
#40	847.5	892.5	0	1	2	3	4
#41	860	905	0	1	2	3	4
#42	872.5	917.5	0	1	2	3	4
#43	885	930	0	1	2	3	4
#44	897.5	942.5	0	1	2	3	4
#45	910	955	0	1	2	3	4
#46	922.5	967.5	0	1	2	3	4
#47	935	980	0	1	2	3	4
#48	947.5	992.5	0	1	2	3	4
#49	960	1005	0	1	2	3	4
#50	972.5	1017.5	0	1	2	3	4
#51	985	1030	0	1	2	3	4
#52	997.5	1042.5	0	1	2	3	4
#53	1010	1055	0	1	2	3	4
#54	1022.5	1067.5	0	1	2	3	4
#55	1035	1080	0	1	2	3	4
#56	1047.5	1092.5	0	1	2	3	4
#57	1060	1105	0	1	2	3	4
#58	1072.5	1117.5	0	1	2	3	4
#59	1085	1130	0	1	2	3	4
#60	1097.5	1142.5	0	1	2	3	4
#61	1110	1155	0	1	2	3	4
#62	1122.5	1167.5	0	1	2	3	4
#63	1135	1180	0	1	2	3	4
#64	1147.5	1192.5	0	1	2	3	4
#65	1160	1205	0	1	2	3	4
#66	1172.5	1217.5	0	1	2	3	4
#67	1185	1230	0	1	2	3	4
#68	1197.5	1242.5	0	1	2	3	4
#69	1210	1255	0	1	2	3	4
#70	1222.5	1267.5	0	1	2	3	4
#71	1235	1280	0	1	2	3	4
#72	1247.5	1292.5	0	1	2	3	4
#73	1260	1305	0	1	2	3	4
#74	1272.5	1317.5	0	1	2	3	4