Gates: 5 Flights: 188
Opening time: 360 Closing time: 1320

#1	360	385	0	1	2	3	4
#2	365	390	0	1	2	3	4
#3	370	395	0	1	2	3	4
#4	375	400	0	1	2	3	4
#5	380	405	0	1	2	3	4
#6	385	410	0	1	2	3	4
#7	390	415	0	1	2	3	4
#8	395	420	0	1	2	3	4
#9	400	425	0	1	2	3	4
#10	405	430	0	1	2	3	4
#11	410	435	0	1	2	3	4
#12	415	440	0	1	2	3	4
#13	420	445	0	1	2	3	4
#14	425	450	0	1	2	3	4
#15	430	455	0	1	2	3	4
#16	435	460	0	1	2	3	4
#17	440	465	0	1	2	3	4
#18	445	470	0	1	2	3	4
#19	450	475	0	1	2	3	4
#20	455	480	0	1	2	3	4
#21	460	485	0	1	2	3	4
#22	465	490	0	1	2	3	4
#23	470	495	0	1	2	3	4
#24	475	500	0	1	2	3	4
#25	480	505	0	1	2	3	4
#26	485	510	0	1	2	3	4
#27	490	515	0	1	2	3	4
#28	495	520	0	1	2	3	4
#29	500	525	0	1	2	3	4
#30	505	530	0	1	2	3	4
#31	510	535	0	1	2	3	4
#32	515	540	0	1	2	3	4
#33	520	545	0	1	2	3	4
#34	525	550	0	1	2	3	4
#35	530	555	0	1	2	3	4
#36	535	560	0	1	2	3	4
#37	540	565	0	1	2	3	4
#38	545	570	0	1	2	3	4
#39	550	575	0	1	2	3	4
#40	555	580	0	1	2	3	4
#41	560	585	0	1	2	3	4
#42	565	590	0	1	2	3	4
#43	570	595	0	1	2	3	4
#44	575	600	0	1	2	3	4
#45	580	605	0	1	2	3	4
#46	585	610	0	1	2	3	4
#47	590	615	0	1	2	3	4
#48	595	620	0	1	2	3	4
#49	600	625	0	1	2	3	4
#50	605	630	0	1	2	3	4
#51	610	635	0	1	2	3	4
#52	615	640	0	1	2	3	4
#53	620	645	0	1	2	3	4
#54	625	650	0	1	2	3	4
#55	630	655	0	1	2	3	4
#56	635	660	0	1	2	3	4
#57	640	665	0	1	2	3	4
#58	645	670	0	1	2	3	4
#59	650	675	0	1	2	3	4
#60	655	680	0	1	2	3	4
#61	660	685	0	1	2	3	4
#62	665	690	0	1	2	3	4
#63	670	695	0	1	2	3	4
#64	675	700	0	1	2	3	4
#65	680	705	0	1	2	3	4
#66	685	710	0	1	2	3	4
#67	690	715	0	1	2	3	4
#68	695	720	0	1	2	3	4
#69	700	725	0	1	2	3	4
#70	705	730	0	1	2	3	4
#71	710	735	0	1	2	3	4
#72	715	740	0	1	2	3	4
#73	720	745	0	1	2	3	4
#74	725	750	0	1	2	3	4
#75	730	755	0	1	2	3	4
#76	735	760	0	1	2	3	4
#77	740	765	0	1	2	3	4
#78	745	770	0	1	2	3	4
#79	750	775	0	1	2	3	4
#80	755	780	0	1	2	3	4
#81	760	785	0	1	2	3	4
#82	765	790	0	1	2	3	4
#83	770	795	0	1	2	3	4
#84	775	800	0	1	2	3	4
#85	780	805	0	1	2	3	4
#86	785	810	0	1	2	3	4
#87	790	815	0	1	2	3	4
#88	795	820	0	1	2	3	4
#89	800	825	0	1	2	3	4
#90	805	830	0	1	2	3	4
#91	810	835	0	1	2	3	4
#92	815	840	0	1	2	3	4
#93	820	845	0	1	2	3	4
#94	825	850	0	1	2	3	4
#95	830	855	0	1	2	3	4
#96	835	860	0	1	2	3	4
#97	840	865	0	1	2	3	4
#98	845	870	0	1	2	3	4
#99	850	875	0	1	2	3	4
#100	855	880	0	1	2	3	4
#101	860	885	0	1	2	3	4
#102	865	890	0	1	2	3	4
#103	870	895	0	1	2	3	4
#104	875	900	0	1	2	3	4
#105	880	905	0	1	2	3	4
#106	885	910	0	1	2	3	4
#107	890	915	0	1	2	3	4
#108	895	920	0	1	2	3	4
#109	900	925	0	1	2	3	4
#110	905	930	0	1	2	3	4
#111	910	935	0	1	2	3	4
#112	915	940	0	1	2	3	4
#113	920	945	0	1	2	3	4
#114	925	950	0	1	2	3	4
#115	930	955	0	1	2	3	4
#116	935	960	0	1	2	3	4
#117	940	965	0	1	2	3	4
#118	945	970	0	1	2	3	4
#119	950	975	0	1	2	3	4
#120	955	980	0	1	2	3	4
#121	960	985	0	1	2	3	4
#122	965	990	0	1	2	3	4
#123	970	995	0	1	2	3	4
#124	975	1000	0	1	2	3	4
#125	980	1005	0	1	2	3	4
#126	985	1010	0	1	2	3	4
#127	990	1015	0	1	2	3	4
#128	995	1020	0	1	2	3	4
#129	1000	1025	0	1	2	3	4
#130	1005	1030	0	1	2	3	4
#131	1010	1035	0	1	2	3	4
#132	1015	1040	0	1	2	3	4
#133	1020	1045	0	1	2	3	4
#134	1025	1050	0	1	2	3	4
#135	1030	1055	0	1	2	3	4
#136	1035	1060	0	1	2	3	4
#137	1040	1065	0	1	2	3	4
#138	1045	1070	0	1	2	3	4
#139	1050	1075	0	1	2	3	4
#140	1055	1080	0	1	2	3	4
#141	1060	1085	0	1	2	3	4
#142	1065	1090	0	1	2	3	4
#143	1070	1095	0	1	2	3	4
#144	1075	1100	0	1	2	3	4
#145	1080	1105	0	1	2	3	4
#146	1085	1110	0	1	2	3	4
#147	1090	1115	0	1	2	3	4
#148	1095	1120	0	1	2	3	4
#149	1100	1125	0	1	2	3	4
#150	1105	1130	0	1	2	3	4
#151	1110	1135	0	1	2	3	4
#152	1115	1140	0	1	2	3	4
#153	1120	1145	0	1	2	3	4
#154	1125	1150	0	1	2	3	4
#155	1130	1155	0	1	2	3	4
#156	1135	1160	0	1	2	3	4
#157	1140	1165	0	1	2	3	4
#158	1145	1170	0	1	2	3	4
#159	1150	1175	0	1	2	3	4
#160	1155	1180	0	1	2	3	4
#161	1160	1185	0	1	2	3	4
#162	1165	1190	0	1	2	3	4
#163	1170	1195	0	1	2	3	4
#164	1175	1200	0	1	2	3	4
#165	1180	1205	0	1	2	3	4
#166	1185	1210	0	1	2	3	4
#167	1190	1215	0	1	2	3	4
#168	1195	1220	0	1	2	3	4
#169	1200	1225	0	1	2	3	4
#170	1205	1230	0	1	2	3	4
#171	1210	1235	0	1	2	3	4
#172	1215	1240	0	1	2	3	4
#173	1220	1245	0	1	2	3	4
#174	1225	1250	0	1	2	3	4
#175	1230	1255	0	1	2	3	4
#176	1235	1260	0	1	2	3	4
#177	1240	1265	0	1	2	3	4
#178	1245	1270	0	1	2	3	4
#179	1250	1275	0	1	2	3	4
#180	1255	1280	0	1	2	3	4
#181	1260	1285	0	1	2	3	4
#182	1265	1290	0	1	2	3	4
#183	1270	1295	0	1	2	3	4
#184	1275	1300	0	1	2	3	4
#185	1280	1305	0	1	2	3	4
#186	1285	1310	0	1	2	3	4
#187	1290	1315	0	1	2	3	4
#188	1295	1320	0	1	2	3	4