Gates: 5 Flights: 49
Opening time: 360 Closing time: 1320

#1	360	450	0	1	2	3	4
#2	378	468	0	1	2	3	4
#3	396	486	0	1	2	3	4
#4	414	504	0	1	2	3	4
#5	432	522	0	1	2	3	4
#6	450	540	0	1	2	3	4
#7	468	558	0	1	2	3	4
#8	486	576	0	1	2	3	4
#9	504	594	0	1	2	3	4
#10	522	612	0	1	2	3	4
#11	540	630	0	1	2	3	4
#12	558	648	0	1	2	3	4
#13	576	666	0	1	2	3	4
#14	594	684	0	1	2	3	4
#15	612	702	0	1	2	3	4
#16	630	720	0	1	2	3	4
#17	648	738	0	1	2	3	4
#18	666	756	0	1	2	3	4
#19	684	774	0	1	2	3	4
#20	702	792	0	1	2	3	4
#21	720	810	0	1	2	3	4
#22	738	828	0	1	2	3	4
#23	756	846	0	1	2	3	4
#24	774	864	0	1	2	3	4
#25	792	882	0	1	2	3	4
#26	810	900	0	1	2	3	4
#27	828	918	0	1	2	3	4
#28	846	936	0	1	2	3	4
#29	864	954	0	1	2	3	4
#30	882	972	0	1	2	3	4
#31	900	990	0	1	2	3	4
#32	918	1008	0	1	2	3	4
#33	936	1026	0	1	2	3	4
#34	954	1044	0	1	2	3	4
#35	972	1062	0	1	2	3	4
#36	990	1080	0	1	2	3	4
#37	1008	1098	0	1	2	3	4
#38	1026	1116	0	1	2	3	4
#39	1044	1134	0	1	2	3	4
#40	1062	1152	0	1	2	3	4
#41	1080	1170	0	1	2	3	4
#42	1098	1188	0	1	2	3	4
#43	1116	1206	0	1	2	3	4
#44	1134	1224	0	1	2	3	4
#45	1152	1242	0	1	2	3	4
#46	1170	1260	0	1	2	3	4
#47	1188	1278	0	1	2	3	4
#48	1206	1296	0	1	2	3	4
#49	1224	1314	0	1	2	3	4