Gates: 5 Flights: 62
Opening time: 360 Closing time: 1320

#1	360	405	0	1	2	3	4
#2	375	420	0	1	2	3	4
#3	390	435	0	1	2	3	4
#4	405	450	0	1	2	3	4
#5	420	465	0	1	2	3	4
#6	435	480	0	1	2	3	4
#7	450	495	0	1	2	3	4
#8	465	510	0	1	2	3	4
#9	480	525	0	1	2	3	4
#10	495	540	0	1	2	3	4
#11	510	555	0	1	2	3	4
#12	525	570	0	1	2	3	4
#13	540	585	0	1	2	3	4
#14	555	600	0	1	2	3	4
#15	570	615	0	1	2	3	4
#16	585	630	0	1	2	3	4
#17	600	645	0	1	2	3	4
#18	615	660	0	1	2	3	4
#19	630	675	0	1	2	3	4
#20	645	690	0	1	2	3	4
#21	660	705	0	1	2	3	4
#22	675	720	0	1	2	3	4
#23	690	735	0	1	2	3	4
#24	705	750	0	1	2	3	4
#25	720	765	0	1	2	3	4
#26	735	780	0	1	2	3	4
#27	750	795	0	1	2	3	4
#28	765	810	0	1	2	3	4
#29	780	825	0	1	2	3	4
#30	795	840	0	1	2	3	4
#31	810	855	0	1	2	3	4
#32	825	870	0	1	2	3	4
#33	840	885	0	1	2	3	4
#34	855	900	0	1	2	3	4
#35	870	915	0	1	2	3	4
#36	885	930	0	1	2	3	4
#37	900	945	0	1	2	3	4
#38	915	960	0	1	2	3	4
#39	930	975	0	1	2	3	4
#40	945	990	0	1	2	3	4
#41	960	1005	0	1	2	3	4
#42	975	1020	0	1	2	3	4
#43	990	1035	0	1	2	3	4
#44	1005	1050	0	1	2	3	4
#45	1020	1065	0	1	2	3	4
#46	1035	1080	0	1	2	3	4
#47	1050	1095	0	1	2	3	4
#48	1065	1110	0	1	2	3	4
#49	1080	1125	0	1	2	3	4
#50	1095	1140	0	1	2	3	4
#51	1110	1155	0	1	2	3	4
#52	1125	1170	0	1	2	3	4
#53	1140	1185	0	1	2	3	4
#54	1155	1200	0	1	2	3	4
#55	1170	1215	0	1	2	3	4
#56	1185	1230	0	1	2	3	4
#57	1200	1245	0	1	2	3	4
#58	1215	1260	0	1	2	3	4
#59	1230	1275	0	1	2	3	4
#60	1245	1290	0	1	2	3	4
#61	1260	1305	0	1	2	3	4
#62	1275	1320	0	1	2	3	4
