Gates: 5 Flights: 37
Opening time: 360 Closing time: 1320

#1	360	405	0	1	2	3	4
#2	385	430	0	1	2	3	4
#3	410	455	0	1	2	3	4
#4	435	480	0	1	2	3	4
#5	460	505	0	1	2	3	4
#6	485	530	0	1	2	3	4
#7	510	555	0	1	2	3	4
#8	535	580	0	1	2	3	4
#9	560	605	0	1	2	3	4
#10	585	630	0	1	2	3	4
#11	610	655	0	1	2	3	4
#12	635	680	0	1	2	3	4
#13	660	705	0	1	2	3	4
#14	685	730	0	1	2	3	4
#15	710	755	0	1	2	3	4
#16	735	780	0	1	2	3	4
#17	760	805	0	1	2	3	4
#18	785	830	0	1	2	3	4
#19	810	855	0	1	2	3	4
#20	835	880	0	1	2	3	4
#21	860	905	0	1	2	3	4
#22	885	930	0	1	2	3	4
#23	910	955	0	1	2	3	4
#24	935	980	0	1	2	3	4
#25	960	1005	0	1	2	3	4
#26	985	1030	0	1	2	3	4
#27	1010	1055	0	1	2	3	4
#28	1035	1080	0	1	2	3	4
#29	1060	1105	0	1	2	3	4
#30	1085	1130	0	1	2	3	4
#31	1110	1155	0	1	2	3	4
#32	1135	1180	0	1	2	3	4
#33	1160	1205	0	1	2	3	4
#34	1185	1230	0	1	2	3	4
#35	1210	1255	0	1	2	3	4
#36	1235	1280	0	1	2	3	4
#37	1260	1305	0	1	2	3	4
