Gates: 5 Flights: 102
Opening time: 360 Closing time: 1320

#1	360	405	0	1	2	3	4
#2	369	414	0	1	2	3	4
#3	378	423	0	1	2	3	4
#4	387	432	0	1	2	3	4
#5	396	441	0	1	2	3	4
#6	405	450	0	1	2	3	4
#7	414	459	0	1	2	3	4
#8	423	468	0	1	2	3	4
#9	432	477	0	1	2	3	4
#10	441	486	0	1	2	3	4
#11	450	495	0	1	2	3	4
#12	459	504	0	1	2	3	4
#13	468	513	0	1	2	3	4
#14	477	522	0	1	2	3	4
#15	486	531	0	1	2	3	4
#16	495	540	0	1	2	3	4
#17	504	549	0	1	2	3	4
#18	513	558	0	1	2	3	4
#19	522	567	0	1	2	3	4
#20	531	576	0	1	2	3	4
#21	540	585	0	1	2	3	4
#22	549	594	0	1	2	3	4
#23	558	603	0	1	2	3	4
#24	567	612	0	1	2	3	4
#25	576	621	0	1	2	3	4
#26	585	630	0	1	2	3	4
#27	594	639	0	1	2	3	4
#28	603	648	0	1	2	3	4
#29	612	657	0	1	2	3	4
#30	621	666	0	1	2	3	4
#31	630	675	0	1	2	3	4
#32	639	684	0	1	2	3	4
#33	648	693	0	1	2	3	4
#34	657	702	0	1	2	3	4
#35	666	711	0	1	2	3	4
#36	675	720	0	1	2	3	4
#37	684	729	0	1	2	3	4
#38	693	738	0	1	2	3	4
#39	702	747	0	1	2	3	4
#40	711	756	0	1	2	3	4
#41	720	765	0	1	2	3	4
#42	729	774	0	1	2	3	4
#43	738	783	0	1	2	3	4
#44	747	792	0	1	2	3	4
#45	756	801	0	1	2	3	4
#46	765	810	0	1	2	3	4
#47	774	819	0	1	2	3	4
#48	783	828	0	1	2	3	4
#49	792	837	0	1	2	3	4
#50	801	846	0	1	2	3	4
#51	810	855	0	1	2	3	4
#52	819	864	0	1	2	3	4
#53	828	873	0	1	2	3	4
#54	837	882	0	1	2	3	4
#55	846	891	0	1	2	3	4
#56	855	900	0	1	2	3	4
#57	864	909	0	1	2	3	4
#58	873	918	0	1	2	3	4
#59	882	927	0	1	2	3	4
#60	891	936	0	1	2	3	4
#61	900	945	0	1	2	3	4
#62	909	954	0	1	2	3	4
#63	918	963	0	1	2	3	4
#64	927	972	0	1	2	3	4
#65	936	981	0	1	2	3	4
#66	945	990	0	1	2	3	4
#67	954	999	0	1	2	3	4
#68	963	1008	0	1	2	3	4
#69	972	1017	0	1	2	3	4
#70	981	1026	0	1	2	3	4
#71	990	1035	0	1	2	3	4
#72	999	1044	0	1	2	3	4
#73	1008	1053	0	1	2	3	4
#74	1017	1062	0	1	2	3	4
#75	1026	1071	0	1	2	3	4
#76	1035	1080	0	1	2	3	4
#77	1044	1089	0	1	2	3	4
#78	1053	1098	0	1	2	3	4
#79	1062	1107	0	1	2	3	4
#80	1071	1116	0	1	2	3	4
#81	1080	1125	0	1	2	3	4
#82	1089	1134	0	1	2	3	4
#83	1098	1143	0	1	2	3	4
#84	1107	1152	0	1	2	3	4
#85	1116	1161	0	1	2	3	4
#86	1125	1170	0	1	2	3	4
#87	1134	1179	0	1	2	3	4
#88	1143	1188	0	1	2	3	4
#89	1152	1197	0	1	2	3	4
#90	1161	1206	0	1	2	3	4
#91	1170	1215	0	1	2	3	4
#92	1179	1224	0	1	2	3	4
#93	1188	1233	0	1	2	3	4
#94	1197	1242	0	1	2	3	4
#95	1206	1251	0	1	2	3	4
#96	1215	1260	0	1	2	3	4
#97	1224	1269	0	1	2	3	4
#98	1233	1278	0	1	2	3	4
#99	1242	1287	0	1	2	3	4
#100	1251	1296	0	1	2	3	4
#101	1260	1305	0	1	2	3	4
#102	1269	1314	0	1	2	3	4