Gates: 5 Flights: 156
Opening time: 360 Closing time: 1320

#1	360	390	0	1	2	3	4
#2	366	396	0	1	2	3	4
#3	372	402	0	1	2	3	4
#4	378	408	0	1	2	3	4
#5	384	414	0	1	2	3	4
#6	390	420	0	1	2	3	4
#7	396	426	0	1	2	3	4
#8	402	432	0	1	2	3	4
#9	408	438	0	1	2	3	4
#10	414	444	0	1	2	3	4
#11	420	450	0	1	2	3	4
#12	426	456	0	1	2	3	4
#13	432	462	0	1	2	3	4
#14	438	468	0	1	2	3	4
#15	444	474	0	1	2	3	4
#16	450	480	0	1	2	3	4
#17	456	486	0	1	2	3	4
#18	462	492	0	1	2	3	4
#19	468	498	0	1	2	3	4
#20	474	504	0	1	2	3	4
#21	480	510	0	1	2	3	4
#22	486	516	0	1	2	3	4
#23	492	522	0	1	2	3	4
#24	498	528	0	1	2	3	4
#25	504	534	0	1	2	3	4
#26	510	540	0	1	2	3	4
#27	516	546	0	1	2	3	4
#28	522	552	0	1	2	3	4
#29	528	558	0	1	2	3	4
#30	534	564	0	1	2	3	4
#31	540	570	0	1	2	3	4
#32	546	576	0	1	2	3	4
#33	552	582	0	1	2	3	4
#34	558	588	0	1	2	3	4
#35	564	594	0	1	2	3	4
#36	570	600	0	1	2	3	4
#37	576	606	0	1	2	3	4
#38	582	612	0	1	2	3	4
#39	588	618	0	1	2	3	4
#40	594	624	0	1	2	3	4
#41	600	630	0	1	2	3	4
#42	606	636	0	1	2	3	4
#43	612	642	0	1	2	3	4
#44	618	648	0	1	2	3	4
#45	624	654	0	1	2	3	4
#46	630	660	0	1	2	3	4
#47	636	666	0	1	2	3	4
#48	642	672	0	1	2	3	4
#49	648	678	0	1	2	3	4
#50	654	684	0	1	2	3	4
#51	660	690	0	1	2	3	4
#52	666	696	0	1	2	3	4
#53	672	702	0	1	2	3	4
#54	678	708	0	1	2	3	4
#55	684	714	0	1	2	3	4
#56	690	720	0	1	2	3	4
#57	696	726	0	1	2	3	4
#58	702	732	0	1	2	3	4
#59	708	738	0	1	2	3	4
#60	714	744	0	1	2	3	4
#61	720	750	0	1	2	3	4
#62	726	756	0	1	2	3	4
#63	732	762	0	1	2	3	4
#64	738	768	0	1	2	3	4
#65	744	774	0	1	2	3	4
#66	750	780	0	1	2	3	4
#67	756	786	0	1	2	3	4
#68	762	792	0	1	2	3	4
#69	768	798	0	1	2	3	4
#70	774	804	0	1	2	3	4
#71	780	810	0	1	2	3	4
#72	786	816	0	1	2	3	4
#73	792	822	0	1	2	3	4
#74	798	828	0	1	2	3	4
#75	804	834	0	1	2	3	4
#76	810	840	0	1	2	3	4
#77	816	846	0	1	2	3	4
#78	822	852	0	1	2	3	4
#79	828	858	0	1	2	3	4
#80	834	864	0	1	2	3	4
#81	840	870	0	1	2	3	4
#82	846	876	0	1	2	3	4
#83	852	882	0	1	2	3	4
#84	858	888	0	1	2	3	4
#85	864	894	0	1	2	3	4
#86	870	900	0	1	2	3	4
#87	876	906	0	1	2	3	4
#88	882	912	0	1	2	3	4
#89	888	918	0	1	2	3	4
#90	894	924	0	1	2	3	4
#91	900	930	0	1	2	3	4
#92	906	936	0	1	2	3	4
#93	912	942	0	1	2	3	4
#94	918	948	0	1	2	3	4
#95	924	954	0	1	2	3	4
#96	930	960	0	1	2	3	4
#97	936	966	0	1	2	3	4
#98	942	972	0	1	2	3	4
#99	948	978	0	1	2	3	4
#100	954	984	0	1	2	3	4
#101	960	990	0	1	2	3	4
#102	966	996	0	1	2	3	4
#103	972	1002	0	1	2	3	4
#104	978	1008	0	1	2	3	4
#105	984	1014	0	1	2	3	4
#106	990	1020	0	1	2	3	4
#107	996	1026	0	1	2	3	4
#108	1002	1032	0	1	2	3	4
#109	1008	1038	0	1	2	3	4
#110	1014	1044	0	1	2	3	4
#111	1020	1050	0	1	2	3	4
#112	1026	1056	0	1	2	3	4
#113	1032	1062	0	1	2	3	4
#114	1038	1068	0	1	2	3	4
#115	1044	1074	0	1	2	3	4
#116	1050	1080	0	1	2	3	4
#117	1056	1086	0	1	2	3	4
#118	1062	1092	0	1	2	3	4
#119	1068	1098	0	1	2	3	4
#120	1074	1104	0	1	2	3	4
#121	1080	1110	0	1	2	3	4
#122	1086	1116	0	1	2	3	4
#123	1092	1122	0	1	2	3	4
#124	1098	1128	0	1	2	3	4
#125	1104	1134	0	1	2	3	4
#126	1110	1140	0	1	2	3	4
#127	1116	1146	0	1	2	3	4
#128	1122	1152	0	1	2	3	4
#129	1128	1158	0	1	2	3	4
#130	1134	1164	0	1	2	3	4
#131	1140	1170	0	1	2	3	4
#132	1146	1176	0	1	2	3	4
#133	1152	1182	0	1	2	3	4
#134	1158	1188	0	1	2	3	4
#135	1164	1194	0	1	2	3	4
#136	1170	1200	0	1	2	3	4
#137	1176	1206	0	1	2	3	4
#138	1182	1212	0	1	2	3	4
#139	1188	1218	0	1	2	3	4
#140	1194	1224	0	1	2	3	4
#141	1200	1230	0	1	2	3	4
#142	1206	1236	0	1	2	3	4
#143	1212	1242	0	1	2	3	4
#144	1218	1248	0	1	2	3	4
#145	1224	1254	0	1	2	3	4
#146	1230	1260	0	1	2	3	4
#147	1236	1266	0	1	2	3	4
#148	1242	1272	0	1	2	3	4
#149	1248	1278	0	1	2	3	4
#150	1254	1284	0	1	2	3	4
#151	1260	1290	0	1	2	3	4
#152	1266	1296	0	1	2	3	4
#153	1272	1302	0	1	2	3	4
#154	1278	1308	0	1	2	3	4
#155	1284	1314	0	1	2	3	4
#156	1290	1320	0	1	2	3	4