Gates: 5 Flights: 50
Opening time: 360 Closing time: 1320

#1	360	450	0	1	2	3	4
#2	370	460	0	1	2	3	4
#3	380	470	0	1	2	3	4
#4	390	480	0	1	2	3	4
#5	400	490	0	1	2	3	4
#6	450	540	0	1	2	3	4
#7	460	550	0	1	2	3	4
#8	470	560	0	1	2	3	4
#9	480	570	0	1	2	3	4
#10	490	580	0	1	2	3	4
#11	540	630	0	1	2	3	4
#12	550	640	0	1	2	3	4
#13	560	650	0	1	2	3	4
#14	570	660	0	1	2	3	4
#15	580	670	0	1	2	3	4
#16	630	720	0	1	2	3	4
#17	640	730	0	1	2	3	4
#18	650	740	0	1	2	3	4
#19	660	750	0	1	2	3	4
#20	670	760	0	1	2	3	4
#21	720	810	0	1	2	3	4
#22	730	820	0	1	2	3	4
#23	740	830	0	1	2	3	4
#24	750	840	0	1	2	3	4
#25	760	850	0	1	2	3	4
#26	810	900	0	1	2	3	4
#27	820	910	0	1	2	3	4
#28	830	920	0	1	2	3	4
#29	840	930	0	1	2	3	4
#30	850	940	0	1	2	3	4
#31	900	990	0	1	2	3	4
#32	910	1000	0	1	2	3	4
#33	920	1010	0	1	2	3	4
#34	930	1020	0	1	2	3	4
#35	940	1030	0	1	2	3	4
#36	990	1080	0	1	2	3	4
#37	1000	1090	0	1	2	3	4
#38	1010	1100	0	1	2	3	4
#39	1020	1110	0	1	2	3	4
#40	1030	1120	0	1	2	3	4
#41	1080	1170	0	1	2	3	4
#42	1090	1180	0	1	2	3	4
#43	1100	1190	0	1	2	3	4
#44	1110	1200	0	1	2	3	4
#45	1120	1210	0	1	2	3	4
#46	1170	1260	0	1	2	3	4
#47	1180	1270	0	1	2	3	4
#48	1190	1280	0	1	2	3	4
#49	1200	1290	0	1	2	3	4
#50	1210	1300	0	1	2	3	4