Gates: 5 Flights: 71
Opening time: 360 Closing time: 1320

#1	360	405	0	1	2	3	4
#2	373	418	0	1	2	3	4
#3	386	431	0	1	2	3	4
#4	399	444	0	1	2	3	4
#5	412	457	0	1	2	3	4
#6	425	470	0	1	2	3	4
#7	438	483	0	1	2	3	4
#8	451	496	0	1	2	3	4
#9	464	509	0	1	2	3	4
#10	477	522	0	1	2	3	4
#11	490	535	0	1	2	3	4
#12	503	548	0	1	2	3	4
#13	516	561	0	1	2	3	4
#14	529	574	0	1	2	3	4
#15	542	587	0	1	2	3	4
#16	555	600	0	1	2	3	4
#17	568	613	0	1	2	3	4
#18	581	626	0	1	2	3	4
#19	594	639	0	1	2	3	4
#20	607	652	0	1	2	3	4
#21	620	665	0	1	2	3	4
#22	633	678	0	1	2	3	4
#23	646	691	0	1	2	3	4
#24	659	704	0	1	2	3	4
#25	672	717	0	1	2	3	4
#26	685	730	0	1	2	3	4
#27	698	743	0	1	2	3	4
#28	711	756	0	1	2	3	4
#29	724	769	0	1	2	3	4
#30	737	782	0	1	2	3	4
#31	750	795	0	1	2	3	4
#32	763	808	0	1	2	3	4
#33	776	821	0	1	2	3	4
#34	789	834	0	1	2	3	4
#35	802	847	0	1	2	3	4
#36	815	860	0	1	2	3	4
#37	828	873	0	1	2	3	4
#38	841	886	0	1	2	3	4
#39	854	899	0	1	2	3	4
#40	867	912	0	1	2	3	4
#41	880	925	0	1	2	3	4
#42	893	938	0	1	2	3	4
#43	906	951	0	1	2	3	4
#44	919	964	0	1	2	3	4
#45	932	977	0	1	2	3	4
#46	945	990	0	1	2	3	4
#47	958	1003	0	1	2	3	4
#48	971	1016	0	1	2	3	4
#49	984	1029	0	1	2	3	4
#50	997	1042	0	1	2	3	4
#51	1010	1055	0	1	2	3	4
#52	1023	1068	0	1	2	3	4
#53	1036	1081	0	1	2	3	4
#54	1049	1094	0	1	2	3	4
#55	1062	1107	0	1	2	3	4
#56	1075	1120	0	1	2	3	4
#57	1088	1133	0	1	2	3	4
#58	1101	1146	0	1	2	3	4
#59	1114	1159	0	1	2	3	4
#60	1127	1172	0	1	2	3	4
#61	1140	1185	0	1	2	3	4
#62	1153	1198	0	1	2	3	4
#63	1166	1211	0	1	2	3	4
#64	1179	1224	0	1	2	3	4
#65	1192	1237	0	1	2	3	4
#66	1205	1250	0	1	2	3	4
#67	1218	1263	0	1	2	3	4
#68	1231	1276	0	1	2	3	4
#69	1244	1289	0	1	2	3	4
#70	1257	1302	0	1	2	3	4
#71	1270	1315	0	1	2	3	4