Gates: 5 Flights: 76
Opening time: 360 Closing time: 1320

#1	360	420	0	1	2	3	4
#2	372	432	0	1	2	3	4
#3	384	444	0	1	2	3	4
#4	396	456	0	1	2	3	4
#5	408	468	0	1	2	3	4
#6	420	480	0	1	2	3	4
#7	432	492	0	1	2	3	4
#8	444	504	0	1	2	3	4
#9	456	516	0	1	2	3	4
#10	468	528	0	1	2	3	4
#11	480	540	0	1	2	3	4
#12	492	552	0	1	2	3	4
#13	504	564	0	1	2	3	4
#14	516	576	0	1	2	3	4
#15	528	588	0	1	2	3	4
#16	540	600	0	1	2	3	4
#17	552	612	0	1	2	3	4
#18	564	624	0	1	2	3	4
#19	576	636	0	1	2	3	4
#20	588	648	0	1	2	3	4
#21	600	660	0	1	2	3	4
#22	612	672	0	1	2	3	4
#23	624	684	0	1	2	3	4
#24	636	696	0	1	2	3	4
#25	648	708	0	1	2	3	4
#26	660	720	0	1	2	3	4
#27	672	732	0	1	2	3	4
#28	684	744	0	1	2	3	4
#29	696	756	0	1	2	3	4
#30	708	768	0	1	2	3	4
#31	720	780	0	1	2	3	4
#32	732	792	0	1	2	3	4
#33	744	804	0	1	2	3	4
#34	756	816	0	1	2	3	4
#35	768	828	0	1	2	3	4
#36	780	840	0	1	2	3	4
#37	792	852	0	1	2	3	4
#38	804	864	0	1	2	3	4
#39	816	876	0	1	2	3	4
#40	828	888	0	1	2	3	4
#41	840	900	0	1	2	3	4
#42	852	912	0	1	2	3	4
#43	864	924	0	1	2	3	4
#44	876	936	0	1	2	3	4
#45	888	948	0	1	2	3	4
#46	900	960	0	1	2	3	4
#47	912	972	0	1	2	3	4
#48	924	984	0	1	2	3	4
#49	936	996	0	1	2	3	4
#50	948	1008	0	1	2	3	4
#51	960	1020	0	1	2	3	4
#52	972	1032	0	1	2	3	4
#53	984	1044	0	1	2	3	4
#54	996	1056	0	1	2	3	4
#55	1008	1068	0	1	2	3	4
#56	1020	1080	0	1	2	3	4
#57	1032	1092	0	1	2	3	4
#58	1044	1104	0	1	2	3	4
#59	1056	1116	0	1	2	3	4
#60	1068	1128	0	1	2	3	4
#61	1080	1140	0	1	2	3	4
#62	1092	1152	0	1	2	3	4
#63	1104	1164	0	1	2	3	4
#64	1116	1176	0	1	2	3	4
#65	1128	1188	0	1	2	3	4
#66	1140	1200	0	1	2	3	4
#67	1152	1212	0	1	2	3	4
#68	1164	1224	0	1	2	3	4
#69	1176	1236	0	1	2	3	4
#70	1188	1248	0	1	2	3	4
#71	1200	1260	0	1	2	3	4
#72	1212	1272	0	1	2	3	4
#73	1224	1284	0	1	2	3	4
#74	1236	1296	0	1	2	3	4
#75	1248	1308	0	1	2	3	4
#76	1260	1320	0	1	2	3	4