Gates: 5 Flights: 94
Opening time: 360 Closing time: 1320

#1	360	390	0	1	2	3	4
#2	370	400	0	1	2	3	4
#3	380	410	0	1	2	3	4
#4	390	420	0	1	2	3	4
#5	400	430	0	1	2	3	4
#6	410	440	0	1	2	3	4
#7	420	450	0	1	2	3	4
#8	430	460	0	1	2	3	4
#9	440	470	0	1	2	3	4
#10	450	480	0	1	2	3	4
#11	460	490	0	1	2	3	4
#12	470	500	0	1	2	3	4
#13	480	510	0	1	2	3	4
#14	490	520	0	1	2	3	4
#15	500	530	0	1	2	3	4
#16	510	540	0	1	2	3	4
#17	520	550	0	1	2	3	4
#18	530	560	0	1	2	3	4
#19	540	570	0	1	2	3	4
#20	550	580	0	1	2	3	4
#21	560	590	0	1	2	3	4
#22	570	600	0	1	2	3	4
#23	580	610	0	1	2	3	4
#24	590	620	0	1	2	3	4
#25	600	630	0	1	2	3	4
#26	610	640	0	1	2	3	4
#27	620	650	0	1	2	3	4
#28	630	660	0	1	2	3	4
#29	640	670	0	1	2	3	4
#30	650	680	0	1	2	3	4
#31	660	690	0	1	2	3	4
#32	670	700	0	1	2	3	4
#33	680	710	0	1	2	3	4
#34	690	720	0	1	2	3	4
#35	700	730	0	1	2	3	4
#36	710	740	0	1	2	3	4
#37	720	750	0	1	2	3	4
#38	730	760	0	1	2	3	4
#39	740	770	0	1	2	3	4
#40	750	780	0	1	2	3	4
#41	760	790	0	1	2	3	4
#42	770	800	0	1	2	3	4
#43	780	810	0	1	2	3	4
#44	790	820	0	1	2	3	4
#45	800	830	0	1	2	3	4
#46	810	840	0	1	2	3	4
#47	820	850	0	1	2	3	4
#48	830	860	0	1	2	3	4
#49	840	870	0	1	2	3	4
#50	850	880	0	1	2	3	4
#51	860	890	0	1	2	3	4
#52	870	900	0	1	2	3	4
#53	880	910	0	1	2	3	4
#54	890	920	0	1	2	3	4
#55	900	930	0	1	2	3	4
#56	910	940	0	1	2	3	4
#57	920	950	0	1	2	3	4
#58	930	960	0	1	2	3	4
#59	940	970	0	1	2	3	4
#60	950	980	0	1	2	3	4
#61	960	990	0	1	2	3	4
#62	970	1000	0	1	2	3	4
#63	980	1010	0	1	2	3	4
#64	990	1020	0	1	2	3	4
#65	1000	1030	0	1	2	3	4
#66	1010	1040	0	1	2	3	4
#67	1020	1050	0	1	2	3	4
#68	1030	1060	0	1	2	3	4
#69	1040	1070	0	1	2	3	4
#70	1050	1080	0	1	2	3	4
#71	1060	1090	0	1	2	3	4
#72	1070	1100	0	1	2	3	4
#73	1080	1110	0	1	2	3	4
#74	1090	1120	0	1	2	3	4
#75	1100	1130	0	1	2	3	4
#76	1110	1140	0	1	2	3	4
#77	1120	1150	0	1	2	3	4
#78	1130	1160	0	1	2	3	4
#79	1140	1170	0	1	2	3	4
#80	1150	1180	0	1	2	3	4
#81	1160	1190	0	1	2	3	4
#82	1170	1200	0	1	2	3	4
#83	1180	1210	0	1	2	3	4
#84	1190	1220	0	1	2	3	4
#85	1200	1230	0	1	2	3	4
#86	1210	1240	0	1	2	3	4
#87	1220	1250	0	1	2	3	4
#88	1230	1260	0	1	2	3	4
#89	1240	1270	0	1	2	3	4
#90	1250	1280	0	1	2	3	4
#91	1260	1290	0	1	2	3	4
#92	1270	1300	0	1	2	3	4
#93	1280	1310	0	1	2	3	4
#94	1290	1320	0	1	2	3	4