Gates: 5 Flights: 46
Opening time: 360 Closing time: 1320

#1	360	405	0	1	2	3	4
#2	380	425	0	1	2	3	4
#3	400	445	0	1	2	3	4
#4	420	465	0	1	2	3	4
#5	440	485	0	1	2	3	4
#6	460	505	0	1	2	3	4
#7	480	525	0	1	2	3	4
#8	500	545	0	1	2	3	4
#9	520	565	0	1	2	3	4
#10	540	585	0	1	2	3	4
#11	560	605	0	1	2	3	4
#12	580	625	0	1	2	3	4
#13	600	645	0	1	2	3	4
#14	620	665	0	1	2	3	4
#15	640	685	0	1	2	3	4
#16	660	705	0	1	2	3	4
#17	680	725	0	1	2	3	4
#18	700	745	0	1	2	3	4
#19	720	765	0	1	2	3	4
#20	740	785	0	1	2	3	4
#21	760	805	0	1	2	3	4
#22	780	825	0	1	2	3	4
#23	800	845	0	1	2	3	4
#24	820	865	0	1	2	3	4
#25	840	885	0	1	2	3	4
#26	860	905	0	1	2	3	4
#27	880	925	0	1	2	3	4
#28	900	945	0	1	2	3	4
#29	920	965	0	1	2	3	4
#30	940	985	0	1	2	3	4
#31	960	1005	0	1	2	3	4
#32	980	1025	0	1	2	3	4
#33	1000	1045	0	1	2	3	4
#34	1020	1065	0	1	2	3	4
#35	1040	1085	0	1	2	3	4
#36	1060	1105	0	1	2	3	4
#37	1080	1125	0	1	2	3	4
#38	1100	1145	0	1	2	3	4
#39	1120	1165	0	1	2	3	4
#40	1140	1185	0	1	2	3	4
#41	1160	1205	0	1	2	3	4
#42	1180	1225	0	1	2	3	4
#43	1200	1245	0	1	2	3	4
#44	1220	1265	0	1	2	3	4
#45	1240	1285	0	1	2	3	4
#46	1260	1305	0	1	2	3	4
