Gates: 5 Flights: 36
Opening time: 360 Closing time: 1320

#1	360	480	0	1	2	3	4
#2	384	504	0	1	2	3	4
#3	408	528	0	1	2	3	4
#4	432	552	0	1	2	3	4
#5	456	576	0	1	2	3	4
#6	480	600	0	1	2	3	4
#7	504	624	0	1	2	3	4
#8	528	648	0	1	2	3	4
#9	552	672	0	1	2	3	4
#10	576	696	0	1	2	3	4
#11	600	720	0	1	2	3	4
#12	624	744	0	1	2	3	4
#13	648	768	0	1	2	3	4
#14	672	792	0	1	2	3	4
#15	696	816	0	1	2	3	4
#16	720	840	0	1	2	3	4
#17	744	864	0	1	2	3	4
#18	768	888	0	1	2	3	4
#19	792	912	0	1	2	3	4
#20	816	936	0	1	2	3	4
#21	840	960	0	1	2	3	4
#22	864	984	0	1	2	3	4
#23	888	1008	0	1	2	3	4
#24	912	1032	0	1	2	3	4
#25	936	1056	0	1	2	3	4
#26	960	1080	0	1	2	3	4
#27	984	1104	0	1	2	3	4
#28	1008	1128	0	1	2	3	4
#29	1032	1152	0	1	2	3	4
#30	1056	1176	0	1	2	3	4
#31	1080	1200	0	1	2	3	4
#32	1104	1224	0	1	2	3	4
#33	1128	1248	0	1	2	3	4
#34	1152	1272	0	1	2	3	4
#35	1176	1296	0	1	2	3	4
#36	1200	1320	0	1	2	3	4