Gates: 5 Flights: 76
Opening time: 360 Closing time: 1320

#1	360	420	0	1	2	3	4
#2	370	430	0	1	2	3	4
#3	380	440	0	1	2	3	4
#4	390	450	0	1	2	3	4
#5	400	460	0	1	2	3	4
#6	420	480	0	1	2	3	4
#7	430	490	0	1	2	3	4
#8	440	500	0	1	2	3	4
#9	450	510	0	1	2	3	4
#10	460	520	0	1	2	3	4
#11	480	540	0	1	2	3	4
#12	490	550	0	1	2	3	4
#13	500	560	0	1	2	3	4
#14	510	570	0	1	2	3	4
#15	520	580	0	1	2	3	4
#16	540	600	0	1	2	3	4
#17	550	610	0	1	2	3	4
#18	560	620	0	1	2	3	4
#19	570	630	0	1	2	3	4
#20	580	640	0	1	2	3	4
#21	600	660	0	1	2	3	4
#22	610	670	0	1	2	3	4
#23	620	680	0	1	2	3	4
#24	630	690	0	1	2	3	4
#25	640	700	0	1	2	3	4
#26	660	720	0	1	2	3	4
#27	670	730	0	1	2	3	4
#28	680	740	0	1	2	3	4
#29	690	750	0	1	2	3	4
#30	700	760	0	1	2	3	4
#31	720	780	0	1	2	3	4
#32	730	790	0	1	2	3	4
#33	740	800	0	1	2	3	4
#34	750	810	0	1	2	3	4
#35	760	820	0	1	2	3	4
#36	780	840	0	1	2	3	4
#37	790	850	0	1	2	3	4
#38	800	860	0	1	2	3	4
#39	810	870	0	1	2	3	4
#40	820	880	0	1	2	3	4
#41	840	900	0	1	2	3	4
#42	850	910	0	1	2	3	4
#43	860	920	0	1	2	3	4
#44	870	930	0	1	2	3	4
#45	880	940	0	1	2	3	4
#46	900	960	0	1	2	3	4
#47	910	970	0	1	2	3	4
#48	920	980	0	1	2	3	4
#49	930	990	0	1	2	3	4
#50	940	1000	0	1	2	3	4
#51	960	1020	0	1	2	3	4
#52	970	1030	0	1	2	3	4
#53	980	1040	0	1	2	3	4
#54	990	1050	0	1	2	3	4
#55	1000	1060	0	1	2	3	4
#56	1020	1080	0	1	2	3	4
#57	1030	1090	0	1	2	3	4
#58	1040	1100	0	1	2	3	4
#59	1050	1110	0	1	2	3	4
#60	1060	1120	0	1	2	3	4
#61	1080	1140	0	1	2	3	4
#62	1090	1150	0	1	2	3	4
#63	1100	1160	0	1	2	3	4
#64	1110	1170	0	1	2	3	4
#65	1120	1180	0	1	2	3	4
#66	1140	1200	0	1	2	3	4
#67	1150	1210	0	1	2	3	4
#68	1160	1220	0	1	2	3	4
#69	1170	1230	0	1	2	3	4
#70	1180	1240	0	1	2	3	4
#71	1200	1260	0	1	2	3	4
#72	1210	1270	0	1	2	3	4
#73	1220	1280	0	1	2	3	4
#74	1230	1290	0	1	2	3	4
#75	1240	1300	0	1	2	3	4
#76	1260	1320	0	1	2	3	4