Gates: 5 Flights: 35
Opening time: 360 Closing time: 1320

#1	360	480	0	1	2	3	4
#2	370	490	0	1	2	3	4
#3	380	500	0	1	2	3	4
#4	390	510	0	1	2	3	4
#5	400	520	0	1	2	3	4
#6	480	600	0	1	2	3	4
#7	490	610	0	1	2	3	4
#8	500	620	0	1	2	3	4
#9	510	630	0	1	2	3	4
#10	520	640	0	1	2	3	4
#11	600	720	0	1	2	3	4
#12	610	730	0	1	2	3	4
#13	620	740	0	1	2	3	4
#14	630	750	0	1	2	3	4
#15	640	760	0	1	2	3	4
#16	720	840	0	1	2	3	4
#17	730	850	0	1	2	3	4
#18	740	860	0	1	2	3	4
#19	750	870	0	1	2	3	4
#20	760	880	0	1	2	3	4
#21	840	960	0	1	2	3	4
#22	850	970	0	1	2	3	4
#23	860	980	0	1	2	3	4
#24	870	990	0	1	2	3	4
#25	880	1000	0	1	2	3	4
#26	960	1080	0	1	2	3	4
#27	970	1090	0	1	2	3	4
#28	980	1100	0	1	2	3	4
#29	990	1110	0	1	2	3	4
#30	1000	1120	0	1	2	3	4
#31	1080	1200	0	1	2	3	4
#32	1090	1210	0	1	2	3	4
#33	1100	1220	0	1	2	3	4
#34	1110	1230	0	1	2	3	4
#35	1120	1240	0	1	2	3	4