Gates: 5 Flights: 77
Opening time: 360 Closing time: 1320

#1	360	405	0	1	2	3	4
#2	372	417	0	1	2	3	4
#3	384	429	0	1	2	3	4
#4	396	441	0	1	2	3	4
#5	408	453	0	1	2	3	4
#6	420	465	0	1	2	3	4
#7	432	477	0	1	2	3	4
#8	444	489	0	1	2	3	4
#9	456	501	0	1	2	3	4
#10	468	513	0	1	2	3	4
#11	480	525	0	1	2	3	4
#12	492	537	0	1	2	3	4
#13	504	549	0	1	2	3	4
#14	516	561	0	1	2	3	4
#15	528	573	0	1	2	3	4
#16	540	585	0	1	2	3	4
#17	552	597	0	1	2	3	4
#18	564	609	0	1	2	3	4
#19	576	621	0	1	2	3	4
#20	588	633	0	1	2	3	4
#21	600	645	0	1	2	3	4
#22	612	657	0	1	2	3	4
#23	624	669	0	1	2	3	4
#24	636	681	0	1	2	3	4
#25	648	693	0	1	2	3	4
#26	660	705	0	1	2	3	4
#27	672	717	0	1	2	3	4
#28	684	729	0	1	2	3	4
#29	696	741	0	1	2	3	4
#30	708	753	0	1	2	3	4
#31	720	765	0	1	2	3	4
#32	732	777	0	1	2	3	4
#33	744	789	0	1	2	3	4
#34	756	801	0	1	2	3	4
#35	768	813	0	1	2	3	4
#36	780	825	0	1	2	3	4
#37	792	837	0	1	2	3	4
#38	804	849	0	1	2	3	4
#39	816	861	0	1	2	3	4
#40	828	873	0	1	2	3	4
#41	840	885	0	1	2	3	4
#42	852	897	0	1	2	3	4
#43	864	909	0	1	2	3	4
#44	876	921	0	1	2	3	4
#45	888	933	0	1	2	3	4
#46	900	945	0	1	2	3	4
#47	912	957	0	1	2	3	4
#48	924	969	0	1	2	3	4
#49	936	981	0	1	2	3	4
#50	948	993	0	1	2	3	4
#51	960	1005	0	1	2	3	4
#52	972	1017	0	1	2	3	4
#53	984	1029	0	1	2	3	4
#54	996	1041	0	1	2	3	4
#55	1008	1053	0	1	2	3	4
#56	1020	1065	0	1	2	3	4
#57	1032	1077	0	1	2	3	4
#58	1044	1089	0	1	2	3	4
#59	1056	1101	0	1	2	3	4
#60	1068	1113	0	1	2	3	4
#61	1080	1125	0	1	2	3	4
#62	1092	1137	0	1	2	3	4
#63	1104	1149	0	1	2	3	4
#64	1116	1161	0	1	2	3	4
#65	1128	1173	0	1	2	3	4
#66	1140	1185	0	1	2	3	4
#67	1152	1197	0	1	2	3	4
#68	1164	1209	0	1	2	3	4
#69	1176	1221	0	1	2	3	4
#70	1188	1233	0	1	2	3	4
#71	1200	1245	0	1	2	3	4
#72	1212	1257	0	1	2	3	4
#73	1224	1269	0	1	2	3	4
#74	1236	1281	0	1	2	3	4
#75	1248	1293	0	1	2	3	4
#76	1260	1305	0	1	2	3	4
#77	1272	1317	0	1	2	3	4