Gates: 5 Flights: 56
Opening time: 360 Closing time: 1320

#1	360	435	0	1	2	3	4
#2	370	445	0	1	2	3	4
#3	380	455	0	1	2	3	4
#4	390	465	0	1	2	3	4
#5	400	475	0	1	2	3	4
#6	440	515	0	1	2	3	4
#7	450	525	0	1	2	3	4
#8	460	535	0	1	2	3	4
#9	470	545	0	1	2	3	4
#10	480	555	0	1	2	3	4
#11	520	595	0	1	2	3	4
#12	530	605	0	1	2	3	4
#13	540	615	0	1	2	3	4
#14	550	625	0	1	2	3	4
#15	560	635	0	1	2	3	4
#16	600	675	0	1	2	3	4
#17	610	685	0	1	2	3	4
#18	620	695	0	1	2	3	4
#19	630	705	0	1	2	3	4
#20	640	715	0	1	2	3	4
#21	680	755	0	1	2	3	4
#22	690	765	0	1	2	3	4
#23	700	775	0	1	2	3	4
#24	710	785	0	1	2	3	4
#25	720	795	0	1	2	3	4
#26	760	835	0	1	2	3	4
#27	770	845	0	1	2	3	4
#28	780	855	0	1	2	3	4
#29	790	865	0	1	2	3	4
#30	800	875	0	1	2	3	4
#31	840	915	0	1	2	3	4
#32	850	925	0	1	2	3	4
#33	860	935	0	1	2	3	4
#34	870	945	0	1	2	3	4
#35	880	955	0	1	2	3	4
#36	920	995	0	1	2	3	4
#37	930	1005	0	1	2	3	4
#38	940	1015	0	1	2	3	4
#39	950	1025	0	1	2	3	4
#40	960	1035	0	1	2	3	4
#41	1000	1075	0	1	2	3	4
#42	1010	1085	0	1	2	3	4
#43	1020	1095	0	1	2	3	4
#44	1030	1105	0	1	2	3	4
#45	1040	1115	0	1	2	3	4
#46	1080	1155	0	1	2	3	4
#47	1090	1165	0	1	2	3	4
#48	1100	1175	0	1	2	3	4
#49	1110	1185	0	1	2	3	4
#50	1120	1195	0	1	2	3	4
#51	1160	1235	0	1	2	3	4
#52	1170	1245	0	1	2	3	4
#53	1180	1255	0	1	2	3	4
#54	1190	1265	0	1	2	3	4
#55	1200	1275	0	1	2	3	4
#56	1240	1315	0	1	2	3	4